1.000000000000000000e+00 1.000000000000000000e+00 9.999999999999999547e-07 1.000000000000000000e+00 1.000000000000000000e+00 1.000000000000000000e+00
1.000000000000000000e+00 1.000000000000000000e+00 9.999999999999999547e-07 1.000000000000000000e+00 1.000000000000000000e+00 1.000000000000000000e+00
4.870219494919200143e-01 4.870220374981308886e-01 1.000099999999998268e-06 4.870219494918724412e-01 4.336186769268405850e-01 1.297438604805001006e-01
3.719551184112715458e-01 3.719569004508198606e-01 1.000099999999952105e-06 3.719551184118946030e-01 4.323534568688064961e-01 4.427178907828024229e-02
6.992677658077892100e-02 6.992918944463200059e-02 1.000099999999655220e-06 6.992677658429091725e-02 1.327212052419610044e+00 1.901422619405312669e-05
4.091472856695289040e-01 4.091473735545881896e-01 1.000099999999997845e-06 4.091472856700397731e-01 3.513409168866660215e-01 7.976124118211015690e-02
2.941734182169088441e-01 2.941735923806918507e-01 1.000099999999994033e-06 2.941734182190628433e-01 4.536547511843606606e-01 1.650823451715774035e-02
5.297525008667012258e-01 5.297528421708479485e-01 1.000099999999993186e-06 5.297525008671906122e-01 2.797279477488870958e-01 2.815508037108276906e-01
5.282582098448682650e-01 5.282587754052359141e-01 1.000099999999989374e-06 5.282582100715866869e-01 2.772759510007170025e-01 2.808495356316142444e-01
4.549641265478027684e-03 4.549702822500736876e-03 1.000099999999860202e-06 4.549641265492797119e-03 8.536878733984453405e+00 1.000050148030326287e-06
7.006255737448825460e-01 7.006257461568370370e-01 1.000099999999997421e-06 7.006255737810606066e-01 4.465403999195686202e-01 5.396141081668236472e-01
2.113580196526979871e-01 2.113582669616445586e-01 1.000099999999987680e-06 2.113580196549420531e-01 5.561776495155474898e-01 3.589106420203666027e-03
1.979298361648375651e-02 1.979296982781951139e-02 1.000100000000008221e-06 1.979298361616227409e-02 2.892821967200247979e+00 1.053060095751932014e-06
9.899626385327396638e-02 9.899631558848270840e-02 1.000099999999993398e-06 9.899626385510738869e-02 7.188576815903330308e-01 1.346041546145099166e-04
9.624035521721872877e-02 9.620679996543946011e-02 1.000100000003486773e-06 9.624035517200854595e-02 9.843861766533151814e-01 8.821341958941894545e-05
6.918516113347651653e-02 6.914033948548219122e-02 1.000100000006479764e-06 6.918516143560343723e-02 1.074453663898818023e+00 2.233076120594353829e-05
3.060998847779932142e-01 3.061024727055517425e-01 1.000099999999915471e-06 3.060998847755931340e-01 4.434406658586282912e-01 1.979852923407307910e-02
1.130283070186110655e-01 1.130262249329622160e-01 1.000100000000184404e-06 1.130283070151384406e-01 5.943892228048548443e-01 2.755648626850724188e-04
5.338995649389915131e-03 6.324052994444074108e-03 1.000099998306254881e-06 5.338995604847617329e-03 6.946920250478355818e+00 1.000116697438164500e-06
1.212245702052844711e-03 1.212613552927967707e-03 1.000099999996964831e-06 1.212245701977934364e-03 1.837569659676515244e+01 1.000000117145141275e-06
2.464455720793294353e-03 2.471858538993746291e-03 1.000099999969991491e-06 2.464455752248224159e-03 1.305113528870215944e+01 1.000002803252838552e-06
1.185694744306090981e-01 1.185697028348430687e-01 1.000099999999979210e-06 1.185694744319282234e-01 7.586062399808960466e-01 2.615385790053469388e-04
5.013702469580162413e-01 5.016866595010039953e-01 1.000099999993686179e-06 5.013702470042736836e-01 2.533383079676130856e-01 2.494294351918048269e-01
1.000000000000000000e+00 1.000000000000000000e+00 9.999999999999999547e-07 1.000000000000000000e+00 1.000000000000000000e+00 1.000000000000000000e+00
4.510370137125178092e-01 4.510401038347389702e-01 1.000099999999931564e-06 4.510370137137524327e-01 3.424812961378518872e-01 1.208408286419116878e-01
3.220234843710730877e-01 3.220350829309573948e-01 1.000099999999639762e-06 3.220234843671546665e-01 3.785303691792513137e-01 2.840964797635172831e-02
6.521468662077119227e-02 6.522279944178924205e-02 1.000099999998755671e-06 6.521468662298124386e-02 1.468221721711725047e+00 1.331872474897395453e-05
1.000000000000000000e+00 1.000000000000000000e+00 9.999999999999999547e-07 1.000000000000000000e+00 1.000000000000000000e+00 1.000000000000000000e+00
5.973420171169821491e-02 6.238511176555237847e-02 1.000099999565811721e-06 5.973419915356864562e-02 9.733007481716771103e-01 1.409783451563338741e-05
1.000000000000000000e+00 1.000000000000000000e+00 9.999999999999999547e-07 1.000000000000000000e+00 1.000000000000000000e+00 1.000000000000000000e+00
7.574587582904260263e-02 7.577407187439287595e-02 1.000099999996278523e-06 7.574587583569368510e-02 1.124748513773986103e+00 3.026675545507219128e-05
2.634017857442160770e-01 2.634019941015450228e-01 1.000099999999991915e-06 2.634017857447106259e-01 4.426891172362917848e-01 1.087450572772554261e-02
5.426271433481844736e-02 5.426517725313203394e-02 1.000099999999546376e-06 5.426271433174693903e-02 1.436084125833833935e+00 7.036533318732730341e-06
4.220784085221689352e-01 4.220792558602900479e-01 1.000099999999980057e-06 4.220784085217041404e-01 3.274929237210444932e-01 9.691150875928611352e-02
3.929619679824982725e-01 3.931901187298075251e-01 1.000099999994196304e-06 3.929619683573959410e-01 2.728135715945467776e-01 8.739697489044880030e-02
1.073838713482494350e-01 1.073997726918271695e-01 1.000099999998522737e-06 1.073838713519190829e-01 6.646141834453698216e-01 2.010618469128169945e-04
6.475923944630281037e-02 6.479574405180826835e-02 1.000099999994365711e-06 6.475923943609748767e-02 1.000056093977092164e+00 1.858556761050059267e-05
2.978371061487519733e-01 2.978373239709276588e-01 1.000099999999992762e-06 2.978371061434327838e-01 3.337675131227516023e-01 2.357708983298386837e-02
6.282963771582285306e-02 6.286618434584412274e-02 1.000099999994186987e-06 6.282963773386530948e-02 1.065293187383200779e+00 1.562825699413839968e-05
2.541518028521932981e-01 2.541536442314331068e-01 1.000099999999927753e-06 2.541518028434286425e-01 3.695606244862798540e-01 1.129097410374982693e-02
5.930739596493680987e-02 5.931138868486942467e-02 1.000099999999326995e-06 5.930739597070321112e-02 1.096854183800913596e+00 1.227888814497893086e-05
6.439236182750911197e-02 6.440386365980056704e-02 1.000099999998215052e-06 6.439236182163948774e-02 9.432612470762967716e-01 1.922545311461033971e-05
1.000000000000000000e+00 1.000000000000000000e+00 9.999999999999999547e-07 1.000000000000000000e+00 1.000000000000000000e+00 1.000000000000000000e+00
3.858414738198025495e-01 3.858454637983302349e-01 1.000099999999896624e-06 3.858414738212576633e-01 4.343557757922591467e-01 5.102653486543870520e-02
1.000000000000000000e+00 1.000000000000000000e+00 9.999999999999999547e-07 1.000000000000000000e+00 1.000000000000000000e+00 1.000000000000000000e+00
1.000000000000000000e+00 1.000000000000000000e+00 9.999999999999999547e-07 1.000000000000000000e+00 1.000000000000000000e+00 1.000000000000000000e+00
1.133716991752713316e-01 1.133729640186726395e-01 1.000099999999888366e-06 1.133716991765702647e-01 8.970709374048491114e-01 1.851434984468935409e-04
8.303524927147297452e-02 8.334609398910801381e-02 1.000099999962637551e-06 8.303524918145349654e-02 1.025942681102256282e+00 4.734047975739363347e-05
4.073077675261320696e-01 4.073087613556635178e-01 1.000099999999975398e-06 4.073077675266407183e-01 3.427228702930494864e-01 8.030639670990331880e-02
5.275901254044963462e-01 5.275931224282590648e-01 1.000099999999943211e-06 5.275901254037663746e-01 3.126210011555152213e-01 2.478392111603324732e-01
2.400556699660862936e-01 2.400560847372767703e-01 1.000099999999983445e-06 2.400556699641678282e-01 4.523674308318377246e-01 7.342104681720502436e-03
9.878561036179440979e-02 9.878748488078473167e-02 1.000099999999809168e-06 9.878561036254721039e-02 7.494825326849338110e-01 1.280566456474570834e-04
1.000000000000000000e+00 1.000000000000000000e+00 9.999999999999999547e-07 1.000000000000000000e+00 1.000000000000000000e+00 1.000000000000000000e+00
7.360180981702766356e-01 7.360185815836407519e-01 1.000099999999993398e-06 7.360180981402372202e-01 4.316062357994818743e-01 6.799333038927471984e-01
1.131464154728424737e-01 1.131398121930974748e-01 1.000100000000582297e-06 1.131464154728651778e-01 6.785969468512169644e-01 2.425198333292184424e-04
2.726071324663865239e-06 2.497420182815988505e-06 1.000100001639460819e-06 2.726071324656291917e-06 1.938207792951616739e+03 9.999999999999999547e-07
7.803166094559037258e-02 7.802887196050045659e-02 1.000100000000357410e-06 7.803166094696703525e-02 1.201780826371595889e+00 3.184678719804692743e-05
4.517489025600607863e-05 1.000002106205216784e-06 1.000100517542351422e-06 4.517465219803831056e-05 6.765945300043515545e+02 1.000000000000001014e-06
7.555614194094813219e-02 7.555648527355633692e-02 1.000099999999955070e-06 7.555614194219899271e-02 1.009104941970998759e+00 3.329348718414400058e-05
3.563784262363778876e-01 3.563927925131734065e-01 1.000099999999596563e-06 3.563784262177553952e-01 3.488785274176257611e-01 4.623548421940797820e-02
4.712543948855082432e-01 4.712545279094722539e-01 1.000099999999997209e-06 4.712543948858313181e-01 4.374921051801515248e-01 1.127334033855083989e-01
4.117181904434591422e-01 4.117195586140895425e-01 1.000099999999966716e-06 4.117181904441333806e-01 3.207952215539986995e-01 8.957297948702076795e-02
1.000000000000000000e+00 1.000000000000000000e+00 9.999999999999999547e-07 1.000000000000000000e+00 1.000000000000000000e+00 1.000000000000000000e+00
1.000000000000000000e+00 1.000000000000000000e+00 9.999999999999999547e-07 1.000000000000000000e+00 1.000000000000000000e+00 1.000000000000000000e+00
1.000000000000000000e+00 1.000000000000000000e+00 9.999999999999999547e-07 1.000000000000000000e+00 1.000000000000000000e+00 1.000000000000000000e+00
6.299461064283246037e-02 6.299490020730898199e-02 1.000099999999954011e-06 6.299461064409289657e-02 1.419718745902695201e+00 1.209141864202976605e-05
7.613917788298910083e-02 7.614018049549177436e-02 1.000099999999868037e-06 7.613917785742875532e-02 1.272661160794640312e+00 2.740816341971551328e-05
3.319115212360998490e-01 3.319117087292270396e-01 1.000099999999994245e-06 3.319115212369547763e-01 3.927193971779245896e-01 3.090410605509825992e-02
1.500966676510239184e-01 1.501054027358211806e-01 1.000099999999417839e-06 1.500966676494591145e-01 7.077043280235516542e-01 7.181826924429789757e-04
4.784316492775700369e-01 4.784316239887793643e-01 1.000100000000000598e-06 4.784316492796742981e-01 5.287634149151427820e-01 9.908795353256380500e-02
3.289684142678652168e-01 3.289684161040463684e-01 1.000099999999999962e-06 3.289684142511097864e-01 3.953579419597198497e-01 2.962563147379790318e-02
6.877948145167474270e-02 6.878009280027663763e-02 1.000099999999911447e-06 6.877948149657263366e-02 9.868833338618959727e-01 2.365691300874753219e-05
7.660275970199276196e-02 7.659214145345380476e-02 1.000100000001385285e-06 7.660275968184537820e-02 1.151013425248891275e+00 3.091356992029072975e-05
5.924370813404838954e-02 5.924401644847740456e-02 1.000099999999947658e-06 5.924370813393535495e-02 9.028631105184096173e-01 1.464340898125608318e-05
5.731577906238514292e-02 5.731572286048922105e-02 1.000100000000010338e-06 5.731577905883618318e-02 1.421954353426332807e+00 8.590534302612186582e-06
5.439634208810725791e-02 5.439657374298201981e-02 1.000099999999957187e-06 5.439634208251031833e-02 1.469761619706055678e+00 6.957148282194367247e-06
6.383154795277526383e-02 6.398337587739895416e-02 1.000099999976243864e-06 6.383154797648106504e-02 1.388227744039177924e+00 1.295874956053172950e-05
5.986227161829775489e-02 5.986975508745388114e-02 1.000099999998749742e-06 5.986227162256221174e-02 1.084364759674569578e+00 1.283402638029408713e-05
3.809065062561413362e-02 3.809148127089350550e-02 1.000099999999782275e-06 3.809065062533049939e-02 1.365362483727798670e+00 2.541691833177091371e-06
8.790375285114126330e-04 8.849412271407781742e-04 1.000099999932944387e-06 8.790375284822960584e-04 2.633452838243670513e+01 1.000000022527527284e-06
1.157581191226145396e-02 1.159241549363832294e-02 1.000099999985665835e-06 1.157581191087597196e-02 3.964753720865282549e+00 1.004526386663632820e-06
6.572731453652936456e-03 2.707439004492407514e-02 1.000099985822375197e-06 6.572731071303710391e-03 5.030852912148776390e+00 1.000000127398356093e-06
2.226598217084018935e-02 2.227185538480714461e-02 1.000099999997361455e-06 2.226598217157108386e-02 2.513347346585722786e+00 1.097783842189255683e-06
4.216779004967289302e-01 4.216797288732713755e-01 1.000099999999956764e-06 4.216779004969446465e-01 3.742947978537916609e-01 8.447252051852126298e-02
4.245050863369764227e-01 4.245088643013232299e-01 1.000099999999911024e-06 4.245050863385487205e-01 3.638438020792472138e-01 8.925190264310986499e-02
1.000000000000000000e+00 1.000000000000000000e+00 9.999999999999999547e-07 1.000000000000000000e+00 1.000000000000000000e+00 1.000000000000000000e+00
1.000000000000000000e+00 1.000000000000000000e+00 9.999999999999999547e-07 1.000000000000000000e+00 1.000000000000000000e+00 1.000000000000000000e+00
1.000000000000000000e+00 1.000000000000000000e+00 9.999999999999999547e-07 1.000000000000000000e+00 1.000000000000000000e+00 1.000000000000000000e+00
6.958627626594697524e-02 6.958943471040217321e-02 1.000099999999546376e-06 6.958627626719764148e-02 1.395283673698546778e+00 1.780398219581440187e-05
2.804001778083885510e-01 2.804006657412767556e-01 1.000099999999982386e-06 2.804001778068180850e-01 6.085507440223839604e-01 1.015908664416935968e-02
1.000000000000000000e+00 1.000000000000000000e+00 9.999999999999999547e-07 1.000000000000000000e+00 1.000000000000000000e+00 1.000000000000000000e+00
8.244982817030095668e-02 8.248578641751153073e-02 1.000099999995640284e-06 8.244982822672995704e-02 1.121641260164536469e+00 4.221611936502746206e-05
9.906198111617656177e-02 9.908780823883796274e-02 1.000099999997393218e-06 9.906198112370658004e-02 8.352876200674466123e-01 1.162914153334003643e-04
3.511088824572582978e-01 3.511093803877233799e-01 1.000099999999985774e-06 3.511088824399158925e-01 3.101705397439140643e-01 4.899716037894945309e-02
3.625644683244569344e-01 3.625651355639604723e-01 1.000099999999981751e-06 3.625644683260490497e-01 2.855983911548360399e-01 6.050710828284423803e-02
4.621596135942966366e-01 4.621633165008032784e-01 1.000099999999919918e-06 4.621596135896114399e-01 2.121618894067740235e-01 2.150225603261435303e-01
3.937719579985418106e-01 3.937838563788607082e-01 1.000099999999697995e-06 3.937719580025889621e-01 2.648090774701298833e-01 9.079438111582376070e-02
6.418808128524920720e-02 6.418820055969329252e-02 1.000099999999981116e-06 6.418808128527246637e-02 1.334312755845806109e+00 1.372248154939906369e-05
8.143147027277869432e-02 8.145383658589268328e-02 1.000099999997253881e-06 8.143147032923106488e-02 1.029931053144455211e+00 4.369244432485835413e-05
6.593588222801061161e-02 9.707019503307641461e-02 1.000099996132894123e-06 6.593587708947759585e-02 1.070747791356956080e+00 1.886746103775950416e-05
1.088923765303756591e-01 1.088934551073818535e-01 1.000099999999900648e-06 1.088923765255913473e-01 7.570250782160827807e-01 1.867269410148962550e-04
3.451072200598095940e-02 3.458604689319635245e-02 1.000099999978198605e-06 3.451072200351111563e-02 1.317266593822116194e+00 2.076994956854212078e-06
7.239825389371279396e-02 7.324951415243087516e-02 1.000099999883116404e-06 7.239825395073269665e-02 7.199339876656024595e-01 3.917502215487787072e-05
1.237052881764892781e-01 1.239191075626434463e-01 1.000099999982732349e-06 1.237052881766892432e-01 6.923229125758865177e-01 3.392535951543812619e-04
5.303267175947048995e-02 5.303414654171970805e-02 1.000099999999722135e-06 5.303267175843857928e-02 1.465891641657178335e+00 6.395647680797204931e-06
1.000000000000000000e+00 1.000000000000000000e+00 9.999999999999999547e-07 1.000000000000000000e+00 1.000000000000000000e+00 1.000000000000000000e+00
4.018797524797017018e-01 4.018805560123472898e-01 1.000099999999979845e-06 4.018797524779341157e-01 3.279237545141781007e-01 7.954586611617670000e-02
1.000000000000000000e+00 1.000000000000000000e+00 9.999999999999999547e-07 1.000000000000000000e+00 1.000000000000000000e+00 1.000000000000000000e+00
1.000000000000000000e+00 1.000000000000000000e+00 9.999999999999999547e-07 1.000000000000000000e+00 1.000000000000000000e+00 1.000000000000000000e+00
4.041931356530874958e-02 4.041955427081946051e-02 1.000099999999941093e-06 4.041931357101376937e-02 3.171302896236004365e+00 1.841583921682004975e-06
1.000000000000000000e+00 1.000000000000000000e+00 9.999999999999999547e-07 1.000000000000000000e+00 1.000000000000000000e+00 1.000000000000000000e+00
6.955555789918609066e-02 7.018015747769283663e-02 1.000099999910608764e-06 6.955555740681987342e-02 1.263737976794645723e+00 1.959447342627862061e-05
3.935014685425083925e-01 3.935015031823989040e-01 1.000099999999998903e-06 3.935014685425259340e-01 3.432497299752153008e-01 6.985377007450405129e-02
6.257208597935529082e-02 6.257200667309210929e-02 1.000100000000012668e-06 6.257208597686311768e-02 1.296673429451975723e+00 1.282160751024234768e-05
1.037201862222791870e-01 1.037137951721407297e-01 1.000100000000615332e-06 1.037201862081695569e-01 8.855316540989484064e-01 1.316923369972792428e-04
1.200882051616928431e-01 1.200901848405912936e-01 1.000099999999834367e-06 1.200882051621830482e-01 6.382244379435996207e-01 3.268527374986408048e-04
9.064657775697396169e-02 9.213151402260458256e-02 1.000099999837524643e-06 9.064657879020635023e-02 7.444086128460920548e-01 9.181134512437437022e-05
1.010608513238319545e-01 1.010621470416482870e-01 1.000099999999871849e-06 1.010608513220916937e-01 7.297545780860236198e-01 1.439480946186553025e-04
1.131499647396082621e-05 3.984915428017469889e-03 1.000099909394634294e-06 1.131499653050947591e-05 1.661895778882716002e+02 1.000000000000241783e-06
2.962275698069811725e-01 2.962275788596333559e-01 1.000099999999999751e-06 2.962275698588259787e-01 3.501385124669528781e-01 2.199812064522454688e-02
2.782040035337232653e-01 2.782072109372650259e-01 1.000099999999884766e-06 2.782040035286054702e-01 3.813402134014413636e-01 1.570984560807505218e-02
8.014135168187173919e-02 8.013970925585586769e-02 1.000100000000204732e-06 8.014135167877972643e-02 9.536587193105501292e-01 4.424775825813558635e-05
3.743186915250142771e-02 5.804225327492749942e-02 1.000099995613683891e-06 3.743172345342361124e-02 1.449215611337885568e+00 2.746206099833165597e-06
1.867834976866302177e-01 1.867917551996491621e-01 1.000099999999558023e-06 1.867834976955922432e-01 4.462863414383427818e-01 2.728355864296139015e-03
5.906219769362144878e-02 5.906251293547543774e-02 1.000099999999946811e-06 5.906219768455354957e-02 1.016693848581069037e+00 1.296755673455585617e-05
1.118015772399145458e-01 1.118482071280898216e-01 1.000099999995830231e-06 1.118015772375111072e-01 4.623108646185785098e-01 3.389404444394543458e-04
8.648397475060749795e-02 8.651269973962912030e-02 1.000099999996676840e-06 8.648397475787056310e-02 5.465121605541380934e-01 1.033593473056531470e-04
6.053305508333010898e-02 6.053320272309900552e-02 1.000099999999975398e-06 6.053305508241935140e-02 1.381898687564750761e+00 1.071546482092904608e-05
3.612138039357685737e-01 3.612193131659189316e-01 1.000099999999847496e-06 3.612138039431339598e-01 2.489454486523494658e-01 6.838607099351598495e-02
7.329304640061254372e-02 7.329654823566497668e-02 1.000099999999522236e-06 7.329304640191003362e-02 1.149306755282307968e+00 2.610678610591663572e-05
6.742141735784999701e-02 6.742159201779726607e-02 1.000099999999973704e-06 6.742141735813095282e-02 1.212377674091942970e+00 1.804217662243552648e-05
3.276720533779083344e-01 3.276730938084542188e-01 1.000099999999968199e-06 3.276720533809804881e-01 4.161431633967006549e-01 2.770297159405888873e-02
3.577409651849432493e-01 3.577410269542279919e-01 1.000099999999998268e-06 3.577409651873122987e-01 6.051291736394166509e-01 2.706696677796407990e-02
1.000000000000000000e+00 1.000000000000000000e+00 9.999999999999999547e-07 1.000000000000000000e+00 1.000000000000000000e+00 1.000000000000000000e+00
4.794954580468731298e-02 4.794985530897491466e-02 1.000099999999934529e-06 4.794954580221658796e-02 1.593173920454798331e+00 4.318204278362476807e-06
4.722789270832720987e-02 4.722792229861942637e-02 1.000099999999994033e-06 4.722789270520173083e-02 1.915796995623820553e+00 3.595948195547747593e-06
9.901382873365636994e-02 9.901408169707508200e-02 1.000099999999974763e-06 9.901382873854060185e-02 9.164742659194458074e-01 1.058704563009176246e-04
5.051561202343675394e-02 5.051558663825784362e-02 1.000100000000005044e-06 5.051561202031479986e-02 1.403689478019465309e+00 5.640489032153025456e-06
6.283526192694866008e-02 6.283558832356790635e-02 1.000099999999947658e-06 6.283526192573360425e-02 9.516005374867727573e-01 1.738105977953383343e-05
5.850898604570424488e-02 5.851074519459772971e-02 1.000099999999699689e-06 5.850898604296711492e-02 1.015125162048011731e+00 1.254370677594265744e-05
4.500555631015609737e-02 4.500912618654988318e-02 1.000099999999206928e-06 4.500555632054516197e-02 1.380986349573548155e+00 3.970877010718481932e-06
4.554483579879897159e-01 4.554483064620035160e-01 1.000100000000001021e-06 4.554483563663890289e-01 3.883493113280684361e-01 1.107963799807812483e-01
6.581119593622727915e-02 6.581537119006772296e-02 1.000099999999364052e-06 6.581119591160529414e-02 1.022117104672924048e+00 1.935606871486045066e-05
1.000000000000000000e+00 1.000000000000000000e+00 9.999999999999999547e-07 1.000000000000000000e+00 1.000000000000000000e+00 1.000000000000000000e+00
5.165099039887842414e-02 5.165206266703947779e-02 1.000099999999792016e-06 5.165099039761798100e-02 1.263895315106303707e+00 6.631114168505169248e-06
6.359237298469914978e-02 6.359290563071608171e-02 1.000099999999916106e-06 6.359237304590320550e-02 1.348956493061376882e+00 1.312247728535134145e-05
7.446316759634866167e-02 7.446621610855705398e-02 1.000099999999590210e-06 7.446316759967766541e-02 8.955663431084046611e-01 3.532837334083512606e-05
5.454501011250219994e-02 5.454507085874021888e-02 1.000099999999989374e-06 5.454501011443224634e-02 1.108492381744310196e+00 8.985520191518698267e-06
5.708759294938230838e-02 5.715768971498417367e-02 1.000099999987729631e-06 5.708759294317847927e-02 9.274111846691324157e-01 1.245518027571759732e-05
7.455753766161496432e-02 7.553293496094612425e-02 1.000099999870033344e-06 7.455753762909245186e-02 7.391652403632055224e-01 4.280837667977515433e-05
6.347406473668007476e-02 6.347572905036256985e-02 1.000099999999737594e-06 6.347406474628780604e-02 1.303520563154538126e+00 1.345227517320792073e-05
1.000000000000000000e+00 1.000000000000000000e+00 9.999999999999999547e-07 1.000000000000000000e+00 1.000000000000000000e+00 1.000000000000000000e+00
4.512670257500552840e-01 4.512680374361652813e-01 1.000099999999977516e-06 4.512670257480864699e-01 2.934372203694478598e-01 1.413275757376290520e-01
4.100376498942538972e-01 4.100377021019164236e-01 1.000099999999998692e-06 4.100376498930717872e-01 3.514281093047563198e-01 8.043835214073818962e-02
5.806957392144098534e-02 5.807006199761275550e-02 1.000099999999915682e-06 5.806957391159691534e-02 2.013167963524992832e+00 6.647940687837087312e-06
1.000000000000000000e+00 1.000000000000000000e+00 9.999999999999999547e-07 1.000000000000000000e+00 1.000000000000000000e+00 1.000000000000000000e+00
1.000000000000000000e+00 1.000000000000000000e+00 9.999999999999999547e-07 1.000000000000000000e+00 1.000000000000000000e+00 1.000000000000000000e+00
5.060749350698894727e-02 5.060773531512705731e-02 1.000099999999952528e-06 5.060749350682677838e-02 1.581321391781009833e+00 5.147813193154163357e-06
8.428685980039878067e-02 8.427954794893836865e-02 1.000100000000865842e-06 8.428685968282438601e-02 1.189281346185797839e+00 4.345157832590170897e-05
5.526293387097649251e-02 5.526299281928537949e-02 1.000099999999988527e-06 5.526293387184290362e-02 1.593668156081968990e+00 6.852001297126685363e-06
5.097573217914304067e-01 5.097572873981478514e-01 1.000100000000000598e-06 5.097573217904470821e-01 2.913253454094144601e-01 2.317811352821594062e-01
3.705820081193554327e-01 3.705819908977796562e-01 1.000100000000000386e-06 3.705820081162055080e-01 2.708536825095610445e-01 6.963555973711726965e-02
5.364436187036230458e-02 5.364261357343379222e-02 1.000100000000322894e-06 5.364436185732018858e-02 1.219813093726231479e+00 7.789393968984154504e-06
1.122338522296230795e-01 1.122336112241674039e-01 1.000100000000022832e-06 1.122338522345617678e-01 7.194198462310044118e-01 2.215533344204657234e-04
2.385634008569942899e-01 2.385554005724994930e-01 1.000100000000334964e-06 2.385634071979680082e-01 1.220236269096958370e+00 2.651744523848251385e-03
6.099722495374217124e-02 6.099718281490467547e-02 1.000100000000006739e-06 6.099722513946887609e-02 1.409066811466775482e+00 1.082335441182298685e-05
2.620849970003703011e-01 2.620850020424144167e-01 1.000099999999999751e-06 2.620849969896811849e-01 9.432182880805316527e-01 5.003092412775809843e-03
4.504694104410034844e-02 4.504591997465746955e-02 1.000100000000226332e-06 4.504694100810360813e-02 1.497341887047998421e+00 3.750601367832922771e-06
4.091087978458935598e-02 4.091081870364277756e-02 1.000100000000013091e-06 4.091087978040687523e-02 1.703804253920350620e+00 2.643985383880453090e-06
4.944391571570936478e-02 4.944391925205190996e-02 1.000099999999999327e-06 4.944391571167348204e-02 1.270438072747475333e+00 5.704019970904060456e-06
4.054208777755540644e-02 4.054180885593300365e-02 1.000100000000069207e-06 4.054208777792585316e-02 1.527005169803313578e+00 2.769056122384552279e-06
4.799402363393087678e-02 4.799426413078225484e-02 1.000099999999949776e-06 4.799402365277036925e-02 1.192455565833612008e+00 5.446939630334733309e-06
3.427390735373244679e-01 3.427400855886154063e-01 1.000099999999970528e-06 3.427390735389415077e-01 2.552115042554823354e-01 5.407153573995717583e-02
4.620852217566148723e-01 4.620853167565622255e-01 1.000099999999997845e-06 4.620852217557234742e-01 3.416135161757708483e-01 1.334621419794356501e-01
7.680691207337086990e-02 7.741393588054025499e-02 1.000099999921283920e-06 7.680691201635017618e-02 1.201586171887573107e+00 2.996434735071074154e-05
4.639419701575340227e-01 4.639447583463021108e-01 1.000099999999939823e-06 4.639419701557522258e-01 3.406763526508445605e-01 1.359929251737978795e-01
1.302880435310359852e-01 1.302884507864975061e-01 1.000099999999968622e-06 1.302880435314431040e-01 9.023900723270928959e-01 3.203086668517481886e-04
1.000000000000000000e+00 1.000000000000000000e+00 9.999999999999999547e-07 1.000000000000000000e+00 1.000000000000000000e+00 1.000000000000000000e+00
7.995860326270937124e-02 7.996096091786572546e-02 1.000099999999705195e-06 7.995860326239234706e-02 1.143512712857448044e+00 3.674434143344285141e-05
3.765215858867305143e-01 3.765219687513219893e-01 1.000099999999989798e-06 3.765215858824118578e-01 3.604341700936675719e-01 5.576227843027530690e-02
5.141203894121748608e-02 5.141435236615821830e-02 1.000099999999548282e-06 5.141203896082829211e-02 1.592461221496760615e+00 5.387345991276718609e-06
1.000000000000000000e+00 1.000000000000000000e+00 9.999999999999999547e-07 1.000000000000000000e+00 1.000000000000000000e+00 1.000000000000000000e+00
4.435082884240520995e-01 4.435107414947341287e-01 1.000099999999944270e-06 4.435082915042549701e-01 2.484738389370519940e-01 1.557193090915856282e-01
3.310635853555761732e-01 3.310636315956493880e-01 1.000099999999998692e-06 3.310635853544094398e-01 4.533234493454094682e-01 2.650039256087702993e-02
6.742171462627251366e-02 6.742292813463518497e-02 1.000099999999819544e-06 6.742171461908984254e-02 9.287601392956041924e-01 2.324751669716561324e-05
8.589826308447003067e-02 8.589995389834188810e-02 1.000099999999802604e-06 8.589826308346175388e-02 7.748396670123705032e-01 7.125766794065605816e-05
4.963549998855555645e-02 4.963694053891004598e-02 1.000099999999712183e-06 4.963550000531111173e-02 1.392395383771160455e+00 5.359842085515882031e-06
1.543358940552047587e-03 1.543369393437799648e-03 1.000099999999933470e-06 1.543358940402735167e-03 2.203464947099133653e+01 1.000000256826603819e-06
2.084794402393216339e-01 2.084794992605074337e-01 1.000099999999997845e-06 2.084794402416747239e-01 5.231710320378843981e-01 3.611847470568020375e-03
5.497626540320812993e-02 5.497884045746483789e-02 1.000099999999531553e-06 5.497626541063542482e-02 1.559988162402363931e+00 6.855280049884613448e-06
4.649375377979535900e-02 4.649691728083277242e-02 1.000099999999319160e-06 4.649375378092796690e-02 1.725834891047049791e+00 3.707314754341914175e-06
7.906934759644745903e-02 7.906986985996838913e-02 1.000099999999934105e-06 7.906934760820737151e-02 1.035968151850245267e+00 3.873016576610496803e-05
6.677286144407185153e-02 6.700679701155816403e-02 1.000099999965026607e-06 6.677286169321730580e-02 9.100056644473714096e-01 2.284870717792684925e-05
2.202293985137120380e-01 2.202294822150227260e-01 1.000099999999996362e-06 2.202293985149247624e-01 4.751806954627870172e-01 4.951403406984421912e-03
8.695672786067262794e-02 8.697258141195469971e-02 1.000099999998175665e-06 8.695672783403153583e-02 9.041286446130495369e-01 6.424575003919833069e-05
1.812831282068408769e-03 1.990069535358441732e-03 1.000099999066534291e-06 1.812831284183708891e-03 1.604388684899048201e+01 1.000000667085774307e-06
4.271681471265051933e-01 4.271681763791376207e-01 1.000099999999999327e-06 4.271681471264140995e-01 3.375575954335063300e-01 9.863932803140627870e-02
1.484669223008293348e-01 1.484731128443886328e-01 1.000099999999582587e-06 1.484669222603575978e-01 7.073807583411498845e-01 6.879905168569615042e-04
7.162676118700597727e-02 7.162805806291691613e-02 1.000099999999818909e-06 7.162676118309024842e-02 1.232368093842970636e+00 2.235746910771105333e-05
8.428777485199756558e-02 8.429529566075850966e-02 1.000099999999107613e-06 8.428777478822557789e-02 1.089872619601698567e+00 4.733514794399535871e-05
8.022414442579601720e-03 8.022417778186517398e-03 1.000099999999997845e-06 8.022414442659423287e-03 6.891979293043307031e+00 1.000600707922870689e-06
1.295062230119971847e-01 1.295060858144031213e-01 1.000100000000010127e-06 1.295062230202641829e-01 8.522435262049984361e-01 3.310631883367215283e-04
5.099493912355939074e-01 5.099494812418005063e-01 1.000099999999997633e-06 5.099493913249287802e-01 3.116475510260642290e-01 2.169934459535619031e-01
6.940586839584138301e-02 6.940583892697731183e-02 1.000100000000003139e-06 6.940586839066699432e-02 1.421732514412111348e+00 1.732102254552853309e-05
1.000000000000000000e+00 1.000000000000000000e+00 9.999999999999999547e-07 1.000000000000000000e+00 1.000000000000000000e+00 1.000000000000000000e+00
1.000000000000000000e+00 1.000000000000000000e+00 9.999999999999999547e-07 1.000000000000000000e+00 1.000000000000000000e+00 1.000000000000000000e+00
5.196203871750628214e-03 5.194647396785765855e-03 1.000100000002995918e-06 5.196203889138371369e-03 8.329591897066512374e+00 1.000087414779725003e-06
5.002707447339763691e-01 5.002684124309091374e-01 1.000100000000047184e-06 5.002707450079351137e-01 2.344399283059025452e-01 2.671800204255436184e-01
4.623526310039294263e-01 4.623537733369190716e-01 1.000099999999976034e-06 4.623526306247339179e-01 2.715807869568221400e-01 1.682639646623455554e-01
9.716523001016033056e-01 9.716524582923516951e-01 1.000099999999997209e-06 9.716525134351391424e-01 2.243400924521525841e-01 3.971697204968672512e+00
8.049239104066956418e-01 8.049299975059748258e-01 1.000099999999999962e-06 8.049263434208420165e-01 5.351937883238100380e-01 7.843532049563826103e-01
1.179746465659975652e+00 1.179746411379420490e+00 1.000100000000000174e-06 1.179746461996050044e+00 2.333379063972979839e-01 8.301977136566721427e+00
3.579197918296623142e-06 1.000026114211078944e-06 1.000100188678626713e-06 3.579197743307197185e-06 2.429062305049423685e+03 9.999999999999999547e-07
3.935338041212829152e-01 3.935337985915060011e-01 1.000099999999999962e-06 3.935338032469133940e-01 3.240760729712577337e-01 7.400738107721215042e-02
3.726528952486118929e-01 3.726525021864596221e-01 1.000100000000010338e-06 3.726528961117077099e-01 3.641392294722726186e-01 5.296034124764078393e-02
3.646372972587349733e-05 3.653500502251707193e-05 1.000099999979885259e-06 3.646372973455954916e-05 3.100071929637011863e+02 1.000000000000004825e-06
3.681839006347588095e-01 3.681841957664669374e-01 1.000099999999992127e-06 3.681838992032880342e-01 3.557562956135579268e-01 5.165944607264142535e-02
6.645724198218750139e-06 1.081283200740772686e-03 1.000099896655613462e-06 6.645724232853143000e-06 2.578710246263165686e+02 9.999999999999999547e-07
1.324613109651639337e-02 1.324890795779746708e-02 1.000099999997912238e-06 1.324613109881019220e-02 3.993537395920531363e+00 1.007705533867981724e-06
1.410709205645810649e-01 1.410709764408891453e-01 1.000099999999995515e-06 1.410709205649216258e-01 6.615960653328286645e-01 5.996017046569949256e-04
6.565040104628656892e-02 6.565320090424892063e-02 1.000099999999573481e-06 6.565040104435376778e-02 1.366928745641281528e+00 1.458849333659014620e-05
8.451765137625101565e-02 8.452055108390782445e-02 1.000099999999657126e-06 8.451765137571293218e-02 8.688042446824907339e-01 5.972809864031569096e-05
4.082498081649760802e-01 4.082497899783207318e-01 1.000100000000000386e-06 4.082498081601941275e-01 5.895833214329725402e-01 4.711577677713279372e-02
6.075183167253380562e-02 6.078922102876751360e-02 1.000099999993848597e-06 6.075183172755110883e-02 1.279085810900350673e+00 1.165415940938155931e-05
7.243989063475773926e-02 7.240694086320435818e-02 1.000100000004550011e-06 7.243989065978316544e-02 1.269861620775332822e+00 2.268620871618990268e-05
5.745398164252685236e-02 5.745870396560862764e-02 1.000099999999178129e-06 5.745398174853344475e-02 1.161451396511274048e+00 1.038336633919215657e-05
6.074067216529428770e-02 6.074064949100457800e-02 1.000100000000003350e-06 6.074067216389013313e-02 1.488212202014519869e+00 1.014571145168151196e-05
5.132887638588237156e-01 5.132888648373051810e-01 1.000099999999999539e-06 5.132887638757873683e-01 2.338557171754767905e-01 2.968253564842067704e-01
1.000000000000000000e+00 1.000000000000000000e+00 9.999999999999999547e-07 1.000000000000000000e+00 1.000000000000000000e+00 1.000000000000000000e+00
2.714775689255798929e-01 2.714775377302172110e-01 1.000100000000001021e-06 2.714775689360854893e-01 6.441858791285315355e-01 8.432793741633810847e-03
3.474581221935549857e-01 3.474581854394669378e-01 1.000099999999998268e-06 3.474581221893980887e-01 3.315667738555627131e-01 4.395934672191663395e-02
1.000000000000000000e+00 1.000000000000000000e+00 9.999999999999999547e-07 1.000000000000000000e+00 1.000000000000000000e+00 1.000000000000000000e+00
3.329965577808781559e-03 3.330044307568119730e-03 1.000099999999771263e-06 3.329965578741601786e-03 9.181841762968682374e+00 1.000013378791080694e-06
5.296924526483747387e-04 5.296699554139621107e-04 1.000100000000417338e-06 5.296924528258546228e-04 4.244408642897919037e+01 1.000000001841853617e-06
1.074837099301544224e-01 1.074839068114155777e-01 1.000099999999983022e-06 1.074837099285330527e-01 7.818887057697682108e-01 1.716920400410739268e-04
1.215793982550161384e-01 1.216536062051285921e-01 1.000099999993897937e-06 1.215793982877715618e-01 6.267285085173940340e-01 3.495532461611928349e-04
3.535698372869909289e-01 3.535721008112284180e-01 1.000099999999936647e-06 3.535698373663833105e-01 3.083143189834161579e-01 5.069034852629619725e-02
9.445766671834569805e-02 9.445336834281793659e-02 1.000100000000451854e-06 9.445766664582271044e-02 7.691210178652508889e-01 1.045073175933431791e-04
4.520675583701898592e-01 4.520681599720550725e-01 1.000099999999987257e-06 4.520675583719461210e-01 2.670355560503324122e-01 1.564027093733743046e-01
6.367161714534397775e-06 1.002095432230750681e-06 1.000100183789503837e-06 6.367160052996213379e-06 1.963917071157361988e+03 9.999999999999999547e-07
8.536838110746064467e-02 8.536828146507741133e-02 1.000100000000010338e-06 8.536838111542127683e-02 1.002478099438573134e+00 5.397701382551571233e-05
1.026195688984800902e-01 1.026192300379378947e-01 1.000100000000031726e-06 1.026195688990801935e-01 8.813873066492189379e-01 1.268182017458117656e-04
6.782718962533679230e-01 6.782721284659692929e-01 1.000099999999996574e-06 6.782718962517557681e-01 4.671503888417076755e-01 4.530629583799856697e-01
9.420761539418524844e-02 9.421030528342061450e-02 1.000099999999714936e-06 9.420761539521843586e-02 1.159451399857414078e+00 6.893240284805464825e-05
1.000000000000000000e+00 1.000000000000000000e+00 9.999999999999999547e-07 1.000000000000000000e+00 1.000000000000000000e+00 1.000000000000000000e+00
9.574714966236123892e-02 9.574526611344084948e-02 1.000100000000196262e-06 9.574714961575304939e-02 1.087693703104626319e+00 7.824540384042086869e-05
5.581011344551810999e-02 5.582349633464017691e-02 1.000099999997603918e-06 5.581011345147088992e-02 1.355205153708036292e+00 8.162013578489756856e-06
6.004653778334538561e-02 6.004595352548568188e-02 1.000100000000097583e-06 6.004653778310048429e-02 1.585748836811275320e+00 9.197656327980306505e-06
9.803362617119301681e-02 9.803371680460994109e-02 1.000099999999989586e-06 9.803362616977551180e-02 9.099751329917928899e-01 1.025029105288703619e-04
3.610234352597259666e-01 3.610233502275980721e-01 1.000100000000002292e-06 3.610234352609675290e-01 3.808892313207118963e-01 4.460215838256605808e-02
8.493433805659629521e-02 8.493428300986149981e-02 1.000100000000007162e-06 8.493433805583681939e-02 9.394276038946609564e-01 5.639377135493114798e-05
1.768080052522437093e-02 1.768079729611414866e-02 1.000100000000001233e-06 1.768080052581103012e-02 3.239114635131428610e+00 1.030162544964785957e-06
1.720938310252267123e-01 1.720937685788239691e-01 1.000100000000003774e-06 1.720938310230495094e-01 8.670337385275844744e-01 1.012613990833440133e-03
1.000000000000000000e+00 1.000000000000000000e+00 9.999999999999999547e-07 1.000000000000000000e+00 1.000000000000000000e+00 1.000000000000000000e+00
4.735567387893904745e-01 4.735394239760108981e-01 1.000100000000364186e-06 4.735567388537426092e-01 2.565511798381321928e-01 1.960283409116719833e-01
4.612900796913719237e-01 4.612871195599086427e-01 1.000100000000065396e-06 4.612900799443405142e-01 2.712534065721504128e-01 1.669190019307768003e-01
4.551464599312896063e-06 1.000182895185498170e-06 1.000100211642957921e-06 4.551464728292224162e-06 1.843067299960670425e+03 9.999999999999999547e-07
1.333838144780031014e-04 1.334211382553656745e-04 1.000099999997168755e-06 1.333838144880632778e-04 1.021492730672389939e+02 1.000000000003002475e-06
1.436515282721915262e-06 1.000007609809907203e-06 1.000100184289823541e-06 1.436515281519313342e-06 3.344811868747883182e+03 9.999999999999999547e-07
1.110648471336139476e-01 1.110651437735497155e-01 1.000099999999975822e-06 1.110648471459859399e-01 5.673356047991711115e-01 2.691934880115664152e-04
1.757199697021826629e-02 1.757184951199741718e-02 1.000100000000080642e-06 1.757199697244002379e-02 2.705833245832832024e+00 1.035231620165204657e-06
4.508375904595260386e-01 4.508398329818503747e-01 1.000099999999950411e-06 4.508375904466956352e-01 2.720971685739702051e-01 1.518607185494970924e-01
5.686646628685457228e-02 5.710763353121302982e-02 1.000099999957682408e-06 5.686646995672358512e-02 1.280706032446478737e+00 9.718115410596326405e-06
1.326366866512472542e-01 1.326366664865698819e-01 1.000100000000000174e-06 1.326366866513565834e-01 6.734886487252634835e-01 4.605600045331821471e-04
3.500663942258794292e-01 3.500664149732377051e-01 1.000099999999999327e-06 3.500663942248465887e-01 5.916906058227046072e-01 2.538159283718181836e-02
5.058189256191023553e-01 5.058313511542453789e-01 1.000099999999753687e-06 5.058189257075653700e-01 2.841714084652039451e-01 2.303614370547668877e-01
2.697537548062335384e-03 3.089099602315523076e-03 1.000099998644023881e-06 2.697537543260750039e-03 1.252644238220102757e+01 1.000004194129774263e-06
4.876956848907361697e-01 4.876979316238496676e-01 1.000099999999953799e-06 4.876956848894791752e-01 5.962112587381686035e-01 9.488503135385797926e-02
1.231824394122192218e-01 1.231824999176877461e-01 1.000099999999994033e-06 1.231824394136452339e-01 6.045368380388987939e-01 3.818624436118288681e-04
9.265300623743050190e-02 9.265438164211162175e-02 1.000099999999851308e-06 9.265300625040720495e-02 9.185018253787761155e-01 8.123238803247786446e-05
6.373697531895226864e-02 6.374029146825212211e-02 1.000099999999479672e-06 6.373697531849441267e-02 1.152449436062885413e+00 1.531956681895037134e-05
6.049619815899287545e-02 6.049663355201192333e-02 1.000099999999929235e-06 6.049619816534145683e-02 1.003795387238465953e+00 1.434492623884304699e-05
1.630977067480857967e-01 1.630978160500299867e-01 1.000099999999995092e-06 1.630977067462046626e-01 5.234602745292775694e-01 1.352774687250669948e-03
8.323562294294289954e-02 8.323838465917036966e-02 1.000099999999667925e-06 8.323562295741694650e-02 8.039846040761648993e-01 6.070042006351202165e-05
1.936475573682546955e-02 1.936475621565776975e-02 1.000099999999999751e-06 1.936475573721071694e-02 2.666637601269619129e+00 1.052722017641129221e-06
3.205137200318145529e-01 3.205136535880649395e-01 1.000100000000001868e-06 3.205137200372791262e-01 3.272439856559971050e-01 3.224971202931725678e-02
1.000000000000000000e+00 1.000000000000000000e+00 9.999999999999999547e-07 1.000000000000000000e+00 1.000000000000000000e+00 1.000000000000000000e+00
5.115113025727301421e-01 5.115121074814253932e-01 1.000099999999984080e-06 5.115112998919166820e-01 2.461418631652102784e-01 2.780114737125753410e-01
4.490392166649632144e-01 4.490354275459538247e-01 1.000100000000083819e-06 4.490392167140020430e-01 2.612467931835352752e-01 1.556392890608341850e-01
2.012526459604446066e-02 2.012518624636294370e-02 1.000100000000041467e-06 2.012526459542931037e-02 2.149654028010687057e+00 1.076306206154669310e-06
1.945156160111560697e-03 5.456918332388789941e-04 1.000100012723801306e-06 1.945156288453641366e-03 1.715839709960460979e+01 1.000000828283460417e-06
3.905028682848034616e-01 3.904845754303871153e-01 1.000100000000469219e-06 3.905028682839322141e-01 2.255337156331012338e-01 1.031063944927264192e-01
4.206922574785749713e-01 4.207003365227420244e-01 1.000099999999809592e-06 4.206922574164730366e-01 2.661712459216030724e-01 1.176711432546351244e-01
3.103820564754308231e-01 3.103822033036937045e-01 1.000099999999995304e-06 3.103820564659934278e-01 3.671324913427164160e-01 2.528031578468225779e-02
2.490063951820923882e-01 2.490063913557702957e-01 1.000100000000000174e-06 2.490063951930964747e-01 5.498806782200201804e-01 6.992564927044885893e-03
1.328145910226783029e-03 1.327826979333133085e-03 1.000100000002401724e-06 1.328145915064346321e-03 2.148491425687135958e+01 1.000000144343321777e-06
3.027057418949206102e-01 3.027057126537848197e-01 1.000100000000001021e-06 3.027057418442772874e-01 4.622447451289397047e-01 1.816485336734276895e-02
1.000000000000000000e+00 1.000000000000000000e+00 9.999999999999999547e-07 1.000000000000000000e+00 1.000000000000000000e+00 1.000000000000000000e+00
1.398678292100675458e-01 1.398629358132587874e-01 1.000100000000350634e-06 1.398678292241903875e-01 7.098974731671008342e-01 5.400580765162358915e-04
4.409349804672024753e-01 4.414225452882811207e-01 1.000099999988947241e-06 4.409349805701152647e-01 2.351689444826757514e-01 1.607049754006814046e-01
1.645617498358368329e-06 1.179627714363498314e-06 1.000100029610417431e-06 1.645617498521459017e-06 3.104930863404066713e+03 9.999999999999999547e-07
5.477312208634754764e-02 5.477122419574183970e-02 1.000100000000347034e-06 5.477312208761141166e-02 1.514033064698557363e+00 6.944368282806576840e-06
2.619611168263885279e-02 2.619324810455709099e-02 1.000100000001091788e-06 2.619611168530773526e-02 2.583201924835088370e+00 1.182274891930193972e-06
1.688515694015897683e-01 1.688735099382289162e-01 1.000099999998700825e-06 1.688515694007652335e-01 5.330250532168727684e-01 1.526223999419188630e-03
5.014202623433384742e-01 5.014249847556967454e-01 1.000099999999905730e-06 5.014202623474286469e-01 2.083085424406004027e-01 3.034601617428940301e-01
1.080074340228539265e-01 1.080054087345598546e-01 1.000100000000185462e-06 1.080074340196729155e-01 7.493315093795026582e-01 1.826091073746414313e-04
4.634591711030531247e-01 4.634620710611113692e-01 1.000099999999937705e-06 4.634591710912960849e-01 2.103883250239031444e-01 2.192927924900915093e-01
1.264829705912106196e-04 1.264894765143555362e-04 1.000099999999484331e-06 1.264829705958461260e-04 1.256372236352576408e+02 1.000000000001973753e-06
1.000000000000000000e+00 1.000000000000000000e+00 9.999999999999999547e-07 1.000000000000000000e+00 1.000000000000000000e+00 1.000000000000000000e+00
6.610324400550328383e-02 6.610286545009200210e-02 1.000100000000059678e-06 6.610324400510451948e-02 1.138050405750786531e+00 1.777629825436010015e-05
2.963660830570154919e-02 2.963650494032911420e-02 1.000100000000036808e-06 2.963660830662733295e-02 2.187566667682161903e+00 1.352632274258485180e-06
2.394144273144498680e-01 2.394142558575261814e-01 1.000100000000007374e-06 2.394144273254817101e-01 6.802047416144508807e-01 4.831132044354573100e-03
6.670915731551940586e-06 1.000031402305197557e-06 1.000100173464863177e-06 6.670914452082842641e-06 1.784094313472874774e+03 9.999999999999999547e-07
1.670672446711413683e-01 1.670673630888912242e-01 1.000099999999992551e-06 1.670672446690191770e-01 5.659714111553599825e-01 1.377479187042344533e-03
8.164923884049583858e-02 8.167175794748700313e-02 1.000099999997239482e-06 8.164923884774534513e-02 8.368801701389422254e-01 5.410326261558755419e-05
6.047169881182271056e-02 6.047242852629485660e-02 1.000099999999882648e-06 6.047169878166652746e-02 8.906658554620483503e-01 1.601506919245365500e-05
3.995775286760651634e-01 3.995768690668599077e-01 1.000100000000016903e-06 3.995775286713195151e-01 3.341907479327558828e-01 7.627836063808500489e-02
7.082917104534086628e-02 7.082926024106789287e-02 1.000099999999987045e-06 7.082917104409353071e-02 1.187404966481084623e+00 2.219485328062366678e-05
4.054593678978265714e-06 1.000488781608691487e-06 1.000100119051600265e-06 4.054593850547206612e-06 2.381890572926805362e+03 9.999999999999999547e-07
1.000000000000000000e+00 1.000000000000000000e+00 9.999999999999999547e-07 1.000000000000000000e+00 1.000000000000000000e+00 1.000000000000000000e+00
2.957659263946498807e-01 2.957663064968779065e-01 1.000099999999986833e-06 2.957659263950065953e-01 3.782406541273888867e-01 2.023261593303676137e-02
5.122958770027727718e-04 5.128132060997328589e-04 1.000099999989881730e-06 5.122958767849268482e-04 4.022236936016454223e+01 1.000000001695604696e-06
3.360460588281479755e-01 3.360668839236085059e-01 1.000099999999380146e-06 3.360460588404460824e-01 3.055011905844473019e-01 4.174397597604367210e-02
3.032562241110216054e-06 2.881087233313477147e-06 1.000100000880660965e-06 3.032562240523262032e-06 1.930016046780567194e+03 9.999999999999999547e-07
6.623647537519530282e-01 6.623646740537310063e-01 1.000100000000001021e-06 6.623647537510881644e-01 1.664460664214250929e-01 1.156425067240693716e+00
2.745741735443322784e-01 2.745782030531652151e-01 1.000099999999853214e-06 2.745741735375585302e-01 3.312440250551355048e-01 1.716009842880236724e-02
3.798833083345298789e-01 3.798867051913012438e-01 1.000099999999910389e-06 3.798833083459550730e-01 2.944444133221089110e-01 7.072996887373712849e-02
5.252513845769189726e-02 5.252674388036011194e-02 1.000099999999695242e-06 5.252513845042314222e-02 1.265459612150561686e+00 7.014505366041002021e-06
8.085999449335766476e-02 8.085947691299631701e-02 1.000100000000064125e-06 8.085999451982604780e-02 9.906832066189958930e-01 4.413448160764537362e-05
6.900658212243268586e-02 6.900739385248853830e-02 1.000099999999882225e-06 6.900658212263886815e-02 1.144245917508835531e+00 2.081828486705110029e-05
1.026578708330477818e+00 1.026578716289667126e+00 1.000099999999999751e-06 1.026578706648706429e+00 2.296830359505250552e-01 4.835511514649645015e+00
2.871316881986343827e-02 2.871315775959429328e-02 1.000100000000000809e-06 2.871316882018414701e-02 1.829875102849587876e+00 1.371456555798653784e-06
3.788362205245148218e-01 3.788355018160425303e-01 1.000100000000019444e-06 3.788362205221070256e-01 3.270258800127106569e-01 6.298416495099302959e-02
1.336234731887475380e-01 1.336233307216597443e-01 1.000100000000012880e-06 1.336234731953585275e-01 7.028278385700647002e-01 4.546041837152774742e-04
2.470052895053320985e-01 2.470052530085902753e-01 1.000100000000001445e-06 2.470052894905908070e-01 6.512449743191270901e-01 5.716778537211003597e-03
5.324172985056455643e-01 5.324171292469632721e-01 1.000100000000002715e-06 5.324172985329826968e-01 2.720060801228778025e-01 2.954120468714190317e-01
6.792226840585997849e-02 6.795351320404798001e-02 1.000099999995404173e-06 6.792229604016354616e-02 1.335050622513263452e+00 1.712294353597642745e-05
5.907451134258259740e-02 5.907617957124208785e-02 1.000099999999717689e-06 5.907451134140354748e-02 1.174343821553279987e+00 1.136991603235709882e-05
1.000000000000000000e+00 1.000000000000000000e+00 9.999999999999999547e-07 1.000000000000000000e+00 1.000000000000000000e+00 1.000000000000000000e+00
8.430618842840365001e-02 8.430619522302680580e-02 1.000099999999998903e-06 8.430618841636325356e-02 9.548006445503620654e-01 5.390714215769675113e-05
6.206497744908692771e-02 6.206511405490237193e-02 1.000099999999978575e-06 6.206497744776042630e-02 1.266196032403157590e+00 1.271853836912355757e-05
1.000000000000000000e+00 1.000000000000000000e+00 9.999999999999999547e-07 1.000000000000000000e+00 1.000000000000000000e+00 1.000000000000000000e+00
3.670805517073683472e-06 1.000160610986802085e-06 1.000101613686549416e-06 3.670805555233617194e-06 2.616607557221801017e+03 9.999999999999999547e-07
5.341700837123481982e-01 5.341701202914006519e-01 1.000099999999999115e-06 5.341700837087197673e-01 2.413993133385104461e-01 3.372738300346956875e-01
1.127505413830007241e-01 1.127464177042262761e-01 1.000100000000365457e-06 1.127505414290290719e-01 8.268875191041045181e-01 1.964501504683206150e-04
5.198721466564805438e-02 5.198812828572409867e-02 1.000099999999824415e-06 5.198721469163681413e-02 1.180594649815643216e+00 7.186206163401691323e-06
1.579860607700755704e-01 1.579852127437287590e-01 1.000100000000053749e-06 1.579860607681540241e-01 6.700010069900237397e-01 9.308148844103720544e-04
3.926790164270211880e-01 3.926790265916429434e-01 1.000099999999999751e-06 3.926790164140107064e-01 3.195295506211252023e-01 7.440995519055954022e-02
4.264235279305543247e-01 4.264236033414150473e-01 1.000099999999998268e-06 4.264235279333319917e-01 2.966948948385677021e-01 1.114438650632703781e-01
7.236434522634950517e-02 7.236443454822098775e-02 1.000099999999990010e-06 7.236434522512087686e-02 9.814900403279862573e-01 2.893884284720455921e-05
5.701011085580447446e-01 5.701007947792107178e-01 1.000100000000005044e-06 5.701011041844398219e-01 3.219893435351597333e-01 3.280660826507588723e-01
3.706402373204992773e-01 3.706402320050160570e-01 1.000099999999999962e-06 3.706402373055118216e-01 7.964342953895550137e-01 2.369603292409386622e-02
1.573347947300491600e-01 1.573352318808012018e-01 1.000099999999972222e-06 1.573347947943764535e-01 6.528239698456529405e-01 9.396914301516976669e-04
1.538120050236186698e+00 1.538054997437522164e+00 1.000099999999999962e-06 1.538091232207533077e+00 3.159939201366413486e-01 1.770852877469378583e+01
4.533831373554595978e-01 4.533820353583493667e-01 1.000100000000023256e-06 4.533831371216072159e-01 3.312726950127161119e-01 1.275501072011489823e-01
2.531601286016690183e-02 2.531603117832779623e-02 1.000099999999994457e-06 2.531601286220217656e-02 2.001234249467692017e+00 1.205182545478385590e-06
6.018155359667152343e-02 6.018146218784360679e-02 1.000100000000016903e-06 6.018155359447703578e-02 9.222833589449095371e-01 1.522073828851321535e-05
3.850725566637944186e-02 3.850719836445834487e-02 1.000100000000014574e-06 3.850725566639790626e-02 1.771655156363105998e+00 2.240978946418717908e-06
3.288019885113339091e-01 3.288020112567535125e-01 1.000099999999998903e-06 3.288019885629642758e-01 3.975968396913147629e-01 2.940178829697925530e-02
1.000000000000000000e+00 1.000000000000000000e+00 9.999999999999999547e-07 1.000000000000000000e+00 1.000000000000000000e+00 1.000000000000000000e+00
1.000000000000000000e+00 1.000000000000000000e+00 9.999999999999999547e-07 1.000000000000000000e+00 1.000000000000000000e+00 1.000000000000000000e+00
7.605275973679423984e-01 7.605273920671189458e-01 1.000100000000000598e-06 7.605276181181661599e-01 2.969461495188939759e-01 1.126632910807209287e+00
3.399261413809698956e-02 3.399564584329174688e-02 1.000099999999109307e-06 3.399261426476546388e-02 1.781950439928004171e+00 1.749464084635019848e-06
5.173534994284055555e-02 5.173714718315743089e-02 1.000099999999652255e-06 5.173534993887420746e-02 1.245998514832866055e+00 6.750343863574605087e-06
7.842201487250131942e-02 7.842167020460051596e-02 1.000100000000043584e-06 7.842201468374285223e-02 1.015166875175793404e+00 3.825610445995927214e-05
7.790570147731742945e-02 7.790462660304503517e-02 1.000100000000138240e-06 7.790570148227222991e-02 7.973248793342790908e-01 4.719761683955618810e-05
4.352807702580879790e-02 4.352815389814277541e-02 1.000099999999981963e-06 4.352807703378508419e-02 1.253754131498777680e+00 3.862846426938156913e-06
4.441093937200987773e-02 4.441069467595804010e-02 1.000100000000055231e-06 4.441093937632378114e-02 1.477690167814772249e+00 3.632370831539743698e-06
2.882907665398828367e-01 2.882914339329638587e-01 1.000099999999976457e-06 2.882907665393563690e-01 3.198614133439202645e-01 2.159649750909423821e-02
6.436057242977673287e-02 6.544986771866326269e-02 1.000099999832179442e-06 6.436057154689142634e-02 1.347319239071420816e+00 1.374825352986707081e-05
5.958630628205085350e-02 5.958615892823165144e-02 1.000100000000024526e-06 5.958630628814284846e-02 1.521721880988436748e+00 9.285205696760919308e-06
4.672899251046727653e-01 4.672890956217355951e-01 1.000100000000017962e-06 4.672899251077640148e-01 3.052005116991093336e-01 1.562296567317076057e-01
5.734964844097549530e-02 5.734971747028409783e-02 1.000099999999990433e-06 5.734964843325240924e-02 1.153767245355146409e+00 1.037470129362214855e-05
6.411764353862009491e-02 6.411768955405287851e-02 1.000099999999991280e-06 6.411764353733627464e-02 1.102258683291612584e+00 1.633269076975203926e-05
2.683043389508459331e-01 2.683039054746957364e-01 1.000100000000015632e-06 2.683043389534033318e-01 4.677006225997897837e-01 1.108098046549607467e-02
1.676260112860473994e-01 1.676260755328885799e-01 1.000099999999995939e-06 1.676260112825856130e-01 6.205043367028050261e-01 1.273440083894408596e-03
1.127375545866264650e+00 1.127375374405785502e+00 1.000100000000001445e-06 1.127375557943046003e+00 2.431156479660998848e-01 6.644655192557327616e+00
1.293979888880208151e-01 1.293981889459905610e-01 1.000099999999986410e-06 1.293979888739088535e-01 6.792546403231682905e-01 4.137786540126728568e-04
2.114868122365040903e-01 2.114869166318016636e-01 1.000099999999994880e-06 2.114868122369808201e-01 3.839129010527888575e-01 5.211585606409180164e-03
6.097035637132026953e-02 6.096891173222034055e-02 1.000100000000240308e-06 6.097035635705542328e-02 8.910936712688275474e-01 1.650684200659449113e-05
5.285775740558291275e-02 5.285786887151523034e-02 1.000099999999977092e-06 5.285775739487391656e-02 1.390626904871354652e+00 6.613434868922260409e-06
3.040923335053095644e-01 3.040943103401940184e-01 1.000099999999933047e-06 3.040923330912619904e-01 4.354622477802032599e-01 1.963498549934503817e-02
1.000000000000000000e+00 1.000000000000000000e+00 9.999999999999999547e-07 1.000000000000000000e+00 1.000000000000000000e+00 1.000000000000000000e+00
2.683227260720577600e-01 2.683227382767215397e-01 1.000099999999999539e-06 2.683227260449453366e-01 5.275182106147108252e-01 9.827201066437243546e-03
1.000000000000000000e+00 1.000000000000000000e+00 9.999999999999999547e-07 1.000000000000000000e+00 1.000000000000000000e+00 1.000000000000000000e+00
4.981557659756946088e-01 4.981542881255780486e-01 1.000100000000027279e-06 4.981557660760263517e-01 2.474226594790404354e-01 2.488789846178663390e-01
4.507500472518317230e-02 4.507483406090691952e-02 1.000100000000038714e-06 4.507500472115850282e-02 1.578070832199148343e+00 3.615752085480655524e-06
5.495599542013211020e-02 5.495588993622733953e-02 1.000100000000018173e-06 5.495599539695993074e-02 1.352837717115630056e+00 7.741986248077171304e-06
5.969298695325272325e-02 5.969234998397526110e-02 1.000100000000107535e-06 5.969298695481503603e-02 1.105302144371647532e+00 1.248686952036017896e-05
1.177526374553000965e-01 1.177515633107063114e-01 1.000100000000090383e-06 1.177526374641485601e-01 6.601157612219891169e-01 2.922406684989808153e-04
3.012852737880861720e-01 3.012865235523600749e-01 1.000099999999958458e-06 3.012852737905550304e-01 4.204617982297633727e-01 1.959741659530255323e-02
5.731270463960525668e-02 5.731475319950764952e-02 1.000099999999642514e-06 5.731270464017741012e-02 1.392378541594236907e+00 8.748617638686140104e-06
5.650107013395787303e-02 5.650934819065586701e-02 1.000099999998535654e-06 5.650107013434026160e-02 1.145975491310298855e+00 9.892449056986190727e-06
1.000000000000000000e+00 1.000000000000000000e+00 9.999999999999999547e-07 1.000000000000000000e+00 1.000000000000000000e+00 1.000000000000000000e+00
4.240688602536430984e-01 4.240689040182358260e-01 1.000099999999998903e-06 4.240688602536438201e-01 6.414235484019690237e-01 5.042050487153062338e-02
3.263823661751124039e-01 3.263838492813748160e-01 1.000099999999954646e-06 3.263823661550500077e-01 3.862126450271005651e-01 2.938313365654779408e-02
5.386456281467217472e-02 5.383795727725539798e-02 1.000100000004944305e-06 5.386456266233133339e-02 1.336467068149197912e+00 7.299924020845255528e-06
8.459591325867760192e-02 8.459734739244083312e-02 1.000099999999830979e-06 8.459591325898084546e-02 7.862137962270928648e-01 6.613858055165890701e-05
6.519083802647440695e-02 6.511796049993616442e-02 1.000100000011183762e-06 6.519083803643278829e-02 9.471235985269126356e-01 2.007111808931310643e-05
1.449433923797702750e-01 1.449388254722585312e-01 1.000100000000314423e-06 1.449433923740179042e-01 5.635370771994755446e-01 7.841823976244452184e-04
2.307913140853814484e-06 2.271819141643924483e-06 1.000100000768727466e-06 2.307912996628993630e-06 2.182430957452312214e+03 9.999999999999999547e-07
5.069666074340511974e-01 5.069671558281046986e-01 1.000099999999989163e-06 5.069666074336468542e-01 2.301395166273714210e-01 2.870295181173499466e-01
1.000000000000000000e+00 1.000000000000000000e+00 9.999999999999999547e-07 1.000000000000000000e+00 1.000000000000000000e+00 1.000000000000000000e+00
2.211862662884313546e-01 2.211864040152913269e-01 1.000099999999993821e-06 2.211862662500430621e-01 5.949955115292197005e-01 4.023661163378709424e-03
8.097679855447974251e-02 8.097832113765693340e-02 1.000099999999813191e-06 8.097679856033611345e-02 8.641097588875427116e-01 5.076055975598557667e-05
2.519685590326140728e-02 2.519776330416662047e-02 1.000099999999640185e-06 2.519685591648588435e-02 3.297740799108296983e+00 1.122243770367798209e-06
3.612428497122671667e-01 3.612470569472522319e-01 1.000099999999883495e-06 3.612428497083413070e-01 2.871355979346762455e-01 5.930950939522455084e-02
7.087235218706791628e-02 7.087302815106417964e-02 1.000099999999905095e-06 7.087235218859475050e-02 1.010917465867236631e+00 2.595937263791496050e-05
3.660603286079851526e-01 3.660635190378604409e-01 1.000099999999912718e-06 3.660603286138744972e-01 2.332649624762895280e-01 7.697847170097699143e-02
5.973954393365377147e-02 5.973843404759609371e-02 1.000100000000184404e-06 5.973954393609871155e-02 9.617919073991014756e-01 1.424139019455425721e-05
1.018352818881217009e-01 1.019168665325143192e-01 1.000099999991992325e-06 1.018352818362666251e-01 7.230681096895600346e-01 1.497476008781167822e-04
1.402724963823075433e-01 1.403324420502531367e-01 1.000099999995727740e-06 1.402724963451935924e-01 5.947050000418343529e-01 6.520462268767496846e-04
1.269061184966906175e-01 1.269187782256199493e-01 1.000099999999003004e-06 1.269061185057758501e-01 7.638655471369031336e-01 3.405565907860688257e-04
3.851159801967575791e-01 3.851154294734008832e-01 1.000100000000014362e-06 3.851159802028892298e-01 2.764467125766551514e-01 7.957241989808219729e-02
7.795352029652383163e-02 7.802332699042155428e-02 1.000099999991049577e-06 7.795352006544595258e-02 9.525663345944975768e-01 3.978198442671416785e-05
5.445143465395745758e-02 5.444992276515037144e-02 1.000100000000278001e-06 5.445143468620310817e-02 1.494595559479257707e+00 6.882395559286574159e-06
5.510958719451087839e-01 5.510963393642334118e-01 1.000099999999991704e-06 5.510958719461219735e-01 2.753423903510527904e-01 3.349961988035855542e-01
6.514628910523682093e-01 6.514627383641773406e-01 1.000100000000001656e-06 6.514628911707954773e-01 2.398163311810494747e-01 7.510183482507295505e-01
5.002233015263323201e-01 5.002235611833434348e-01 1.000099999999994245e-06 5.002233015198803701e-01 2.645014552210952496e-01 2.367167365679250512e-01
1.550761040544797464e-01 1.550767263446110877e-01 1.000099999999960787e-06 1.550761040574820671e-01 4.537067450577924044e-01 1.275852885828140286e-03
1.138217799840190864e-01 1.138214011885633203e-01 1.000100000000032150e-06 1.138217799842623223e-01 7.453964285590970462e-01 2.261658763779098448e-04
1.005306988769171005e-06 1.000050978327904889e-06 1.000101182298559647e-06 1.005306988492561385e-06 3.743425061925046521e+03 9.999999999999999547e-07
1.000000000000000000e+00 1.000000000000000000e+00 9.999999999999999547e-07 1.000000000000000000e+00 1.000000000000000000e+00 1.000000000000000000e+00
2.969022231996948924e-01 2.969017948781610960e-01 1.000100000000014997e-06 2.969022288270090626e-01 5.839528410831279492e-01 1.330632927292496950e-02
1.000000000000000000e+00 1.000000000000000000e+00 9.999999999999999547e-07 1.000000000000000000e+00 1.000000000000000000e+00 1.000000000000000000e+00
6.473074308303485014e-02 6.473172724863034133e-02 1.000099999999848767e-06 6.473074328946450129e-02 1.188956963604677286e+00 1.576830167271680460e-05
2.996699091574860363e-01 2.996698412896138808e-01 1.000100000000002292e-06 2.996699091735247622e-01 5.217239133238215087e-01 1.545802120814436693e-02
4.110551638283733711e-01 4.110559069904100582e-01 1.000099999999981539e-06 4.110551638487351389e-01 3.198448729000594737e-01 8.926234256562655400e-02
1.507209067625301102e-01 1.507209995170771810e-01 1.000099999999995939e-06 1.507209067553698933e-01 5.819824708022799387e-01 8.877514057359724804e-04
1.853936710255904563e-02 1.853931061318654649e-02 1.000100000000030244e-06 1.853936710260363149e-02 3.086148870796601607e+00 1.038270647631998397e-06
3.170537171769545748e-01 3.170601259926261184e-01 1.000099999999798157e-06 3.170537171823539224e-01 3.755082145585959541e-01 2.691087365270899284e-02
5.296200029992814695e-03 5.365327365726890209e-03 1.000099999870295713e-06 5.296200027538840172e-03 6.780858435264369710e+00 1.000115874958560452e-06
7.719493357878422224e-02 7.759593042345931668e-02 1.000099999948192251e-06 7.719493349695111251e-02 8.777784705039539670e-01 4.147215273383170452e-05
1.358593039075987018e-02 1.358610224387513978e-02 1.000099999999875237e-06 1.358593039050624666e-02 3.086360787723704924e+00 1.011035058140732458e-06
4.554657776444655942e-02 4.554704035487854019e-02 1.000099999999897895e-06 4.554657777170537103e-02 1.441782344147813033e+00 3.984468968858000977e-06
1.374433890136048664e-01 1.374435966449749358e-01 1.000099999999984716e-06 1.374433890075658915e-01 5.806018836023905116e-01 6.156209299743492557e-04
5.659382702445280716e-02 5.659400246692081193e-02 1.000099999999968834e-06 5.659382701383593173e-02 1.463444512041752521e+00 8.009175945291572242e-06
8.307393889026126743e-02 8.307390516496376831e-02 1.000100000000003139e-06 8.307393889071282289e-02 9.330865439905700054e-01 5.204221123558041298e-05
6.022709590547386388e-02 6.022750863273625133e-02 1.000099999999932200e-06 6.022709591126571005e-02 1.277310599238693278e+00 1.130106415830648945e-05
6.172222991774772849e-01 6.172223218937563649e-01 1.000099999999999962e-06 6.172222991020248628e-01 2.551468396477359346e-01 5.688230264951862347e-01
1.736849912553708186e-01 1.736841492346567484e-01 1.000100000000046126e-06 1.736849912443941546e-01 5.174184663945248230e-01 1.759659386102381193e-03
5.227648327150277718e-02 5.227626327281211654e-02 1.000100000000041043e-06 5.227648327393497052e-02 1.265545596631135083e+00 6.900362213202644239e-06
7.449802079265774313e-02 7.449714434265893026e-02 1.000100000000118123e-06 7.449802080758650968e-02 1.046418643774702284e+00 3.043430608089275850e-05
6.724267210866413658e-02 6.724226940650070150e-02 1.000100000000059466e-06 6.724267210918372095e-02 1.261169004362473034e+00 1.721060312022779120e-05
6.875607360254247513e-02 6.875612369709231675e-02 1.000099999999994245e-06 6.875607360045277172e-02 1.067885639814917242e+00 2.192654911623436546e-05
2.866116439482524741e-03 2.866248508804641274e-03 1.000099999999542353e-06 2.866116439377457744e-03 1.101705602177593768e+01 1.000006118855966940e-06
4.616578497137611703e-01 4.616512279488360626e-01 1.000100000000142476e-06 4.616578464260653325e-01 2.536508093096191963e-01 1.790819581738825883e-01
2.564806616943268378e-02 2.564881780966284455e-02 1.000099999999707101e-06 2.564806618019593171e-02 3.086208106199607393e+00 1.140220281261634384e-06
4.637438999943777063e-01 4.637441694658238633e-01 1.000099999999994245e-06 4.637439090525075636e-01 3.201583596343257621e-01 1.444565920766190392e-01
3.106273488287260021e-01 3.106273368865779538e-01 1.000100000000000174e-06 3.106273488317795595e-01 4.682349333651025791e-01 1.988403797869375822e-02
2.397594653093224337e-01 2.397594620587101266e-01 1.000099999999999962e-06 2.397594653583192958e-01 7.534765334617392618e-01 4.386545957041626878e-03
4.223047174134045290e-02 4.223040814043002578e-02 1.000100000000015632e-06 4.223047173998869391e-02 1.722146649095122495e+00 2.846683079421854935e-06
3.827917603817236891e-01 3.827916465217514053e-01 1.000100000000002927e-06 3.827917603788963397e-01 3.303185113459492506e-01 6.500226951846324597e-02
6.438669925562744145e-02 1.615367183670971263e-01 1.000099990813226518e-06 6.438669920505626920e-02 7.064803854802288452e-01 2.517394804188020335e-05
2.916301377517286145e-06 1.500562713809312273e-06 1.000100016569648312e-06 2.916301388995535492e-06 2.264874908518732354e+03 9.999999999999999547e-07
1.037521142828963733e-03 1.037629955964696924e-03 1.000099999998944771e-06 1.037521142829133302e-03 1.845798544881272107e+01 1.000000062535142467e-06
8.487874434354067410e-02 8.488715883915558258e-02 1.000099999999009569e-06 8.487874434107853250e-02 7.977358729267338688e-01 6.605989305657958678e-05
6.903937274807385449e-02 6.904189803743271403e-02 1.000099999999634256e-06 6.903937274647761746e-02 9.509430497228406054e-01 2.488953270207969789e-05
7.207316295157367714e-02 7.207235446253933142e-02 1.000100000000110500e-06 7.207316297684111805e-02 9.702958371958465555e-01 2.881004187067409670e-05
1.804864052936585306e-01 1.804871814942268227e-01 1.000099999999955705e-06 1.804864052960964138e-01 5.193342072329137915e-01 2.044268288454878166e-03
3.152789866492816673e-01 3.152791707282819322e-01 1.000099999999995304e-06 3.152789867215701203e-01 3.767363772558989243e-01 2.622739836289906742e-02
1.230489913693770671e-01 1.230489430486615271e-01 1.000100000000002080e-06 1.230489913674149005e-01 7.029392365135618270e-01 3.271149347137973962e-04
9.076321621696012421e-03 9.058898690791751182e-03 1.000100000019218505e-06 9.076321620386920697e-03 5.200352619834196055e+00 1.001304415796086960e-06
9.889730994829797062e-02 9.888413831456778491e-02 1.000100000001331286e-06 9.889731078134939013e-02 1.059658560594419541e+00 9.127978770103725497e-05
3.315995997929422345e-01 3.315989369170105894e-01 1.000100000000019868e-06 3.315995997952270735e-01 3.586328046546533588e-01 3.371494201719246048e-02
6.747314169886485524e-02 6.747402968461191364e-02 1.000099999999868460e-06 6.747314168876110407e-02 1.219313785932738758e+00 1.799875683442004476e-05
1.573412872672908525e-01 1.573414918359005987e-01 1.000099999999987045e-06 1.573412872723284339e-01 5.667092740552216457e-01 1.082518901444672792e-03
4.063648701228268767e-02 4.063653317357690531e-02 1.000099999999990645e-06 4.063648701784656342e-02 1.698289885331485394e+00 2.605668390427339340e-06
6.009367603749159181e-02 6.009821058395622972e-02 1.000099999999243985e-06 6.009367604053470618e-02 1.106611188300220761e+00 1.278384057517020006e-05
3.381850875414224578e-01 3.381852005368230496e-01 1.000099999999996574e-06 3.381850875417030111e-01 2.583385851869796079e-01 5.063347598501045238e-02
2.724523093269832774e-01 2.724522918790968640e-01 1.000100000000000598e-06 2.724523093110485239e-01 4.725287903833307324e-01 1.166254710009586616e-02
1.000000000000000000e+00 1.000000000000000000e+00 9.999999999999999547e-07 1.000000000000000000e+00 1.000000000000000000e+00 1.000000000000000000e+00
3.254496258510823636e-02 3.254515802150801523e-02 1.000099999999939399e-06 3.254496257733988096e-02 2.600713320421136121e+00 1.431366694719088684e-06
2.561223733332967378e-01 2.561223695001047518e-01 1.000100000000000174e-06 2.561223733116632650e-01 7.780098919692337578e-01 5.531987649355174161e-03
7.447713975224581895e-02 7.448470646888956381e-02 1.000099999998985429e-06 7.447713969726933725e-02 1.007926379318064614e+00 3.152961858342039666e-05
8.529301034699671158e-02 8.529720764210073358e-02 1.000099999999506566e-06 8.529301034862300790e-02 7.948812472441563193e-01 6.757765957708489169e-05
5.260658339176795678e-02 5.254201588656794153e-02 1.000100000012281305e-06 5.260658339278501822e-02 1.356821612235111774e+00 6.642968930604134731e-06
3.609335325879551508e-04 1.000045826828217339e-06 1.000100704238021739e-06 3.609338244755164182e-04 2.270506766452410261e+02 9.999999999999999547e-07
7.047173215441578098e-02 7.078415421807270069e-02 1.000099999955763667e-06 7.047173217265442768e-02 7.545685167927647097e-01 3.368541824029580372e-05
4.398917789715477977e-01 4.398930599447338774e-01 1.000099999999970528e-06 4.398917789704288595e-01 2.347956371327642178e-01 1.594748034260252967e-01
7.577392090246963530e-02 7.578790391235522284e-02 1.000099999998154913e-06 7.577392087489312478e-02 9.129576458984686171e-01 3.711827168149335528e-05
8.307623522749632561e-02 8.307584853698203597e-02 1.000100000000047396e-06 8.307623522763445123e-02 8.902305382133318679e-01 5.450496589752015466e-05
5.701078758584400639e-04 5.701457104287111768e-04 1.000099999999329959e-06 5.701078758822092449e-04 3.899244092808437046e+01 1.000000002690365060e-06
4.425075891790321650e-06 4.727812231234973585e-06 1.000099999103798235e-06 4.425075897271063581e-06 1.576512784257856310e+03 9.999999999999999547e-07
7.422076090284475403e-02 7.421933352517424975e-02 1.000100000000190756e-06 7.422076092427548621e-02 1.054224529079767603e+00 2.978643311298524057e-05
6.388978236267480737e-01 6.388974267070955948e-01 1.000100000000006950e-06 6.388978236251194875e-01 2.129314289729071774e-01 7.825018374234827823e-01
3.724250968969705089e-01 3.724171384854562117e-01 1.000100000000211932e-06 3.724250970982938558e-01 2.888020956450885190e-01 6.661966891054693640e-02
8.089118730912271682e-02 8.089115943240869633e-02 1.000100000000002080e-06 8.089118730848501859e-02 1.024233892862438600e+00 4.280059319695547445e-05
1.000000000000000000e+00 1.000000000000000000e+00 9.999999999999999547e-07 1.000000000000000000e+00 1.000000000000000000e+00 1.000000000000000000e+00
1.622074503950792640e-02 1.621436200203088193e-02 1.000100000003933372e-06 1.622074495555011694e-02 3.213338754554047050e+00 1.021558032584409857e-06
9.344493331665877645e-03 9.344470899242198619e-03 1.000100000000023256e-06 9.344493330858547747e-03 5.026640008363745693e+00 1.001518053703485230e-06
5.108361863010409121e-02 5.121839139014577186e-02 1.000099999973652791e-06 5.108361874784864143e-02 1.327171157306525684e+00 6.131928380232847382e-06
7.034478202810492409e-01 7.034478163505913928e-01 1.000099999999999962e-06 7.034478202804357316e-01 1.620327625393948867e-01 1.511216177676024008e+00
2.219007390426640247e-01 2.219007334516452656e-01 1.000100000000000174e-06 2.219007390624526954e-01 7.834229888884144399e-01 3.095782425828360902e-03
1.000000000000000000e+00 1.000000000000000000e+00 9.999999999999999547e-07 1.000000000000000000e+00 1.000000000000000000e+00 1.000000000000000000e+00
2.732096410026413902e-01 2.732096382228776377e-01 1.000099999999999962e-06 2.732096410214891469e-01 7.433977156892069837e-01 7.495795018581289694e-03
5.553780866159163665e-02 5.569846621775396966e-02 1.000099999971115927e-06 5.553781367872050179e-02 1.585812257838993267e+00 7.102901516490400097e-06
7.005094146482815365e-02 7.005391073311270644e-02 1.000099999999578140e-06 7.005094145751318557e-02 1.177166348324500733e+00 2.145590677990484970e-05
8.857007421052816298e-02 8.857229031881144743e-02 1.000099999999750723e-06 8.857007421332926955e-02 9.783928329751689912e-01 6.389780363276997800e-05
7.270560128378666942e-02 7.269814836886194509e-02 1.000100000001026566e-06 7.270560140008665295e-02 1.187353336570588835e+00 2.454397992430428345e-05
2.989631630966643749e-02 3.068697055952471220e-02 1.000099999738982313e-06 2.989631645220223663e-02 2.037725017696780938e+00 1.391869095899038423e-06
4.670672911003823785e-02 4.671047505683439266e-02 1.000099999999202269e-06 4.670672910997767519e-02 9.457700189527760148e-01 6.031466978487265066e-06
2.893868817766131474e-01 2.893886512740198036e-01 1.000099999999938976e-06 2.893868817815295480e-01 2.828313497714360913e-01 2.479743517195322211e-02
3.262215192288481780e-01 3.262215998018321850e-01 1.000099999999997209e-06 3.262215192248642537e-01 2.696866970339836245e-01 4.199615888450877049e-02
7.436309054401217533e-02 7.436319729815733803e-02 1.000099999999987892e-06 7.436309054581999312e-02 9.872090697525154335e-01 3.197360110989649169e-05
3.353358780185639043e-02 3.355574871653596580e-02 1.000099999993396070e-06 3.353358721924327296e-02 1.573378465462834219e+00 1.803336278879335447e-06
3.726390380095438715e-02 3.726813212025244931e-02 1.000099999998867267e-06 3.726390376169790714e-02 1.783772896213076553e+00 2.081012512194731317e-06
5.525341611032988376e-02 5.525288511266560759e-02 1.000100000000098006e-06 5.525341611876059822e-02 1.295158045963765048e+00 8.196770531955691985e-06
2.373338962102064242e-01 2.373338523331114391e-01 1.000100000000001656e-06 2.373338962055187851e-01 5.589456889806911910e-01 5.677289990877857490e-03
1.000000000000000000e+00 1.000000000000000000e+00 9.999999999999999547e-07 1.000000000000000000e+00 1.000000000000000000e+00 1.000000000000000000e+00
8.974464229040229890e-02 8.974459301269790967e-02 1.000100000000006103e-06 8.974464228688844303e-02 1.007057669499563435e+00 6.541373891945923545e-05
1.854868323289207421e-01 1.854868349230664737e-01 1.000099999999999962e-06 1.854868323267352681e-01 4.524853106594830532e-01 2.617108595510357540e-03
3.947192742391797959e-01 3.947190861622912328e-01 1.000100000000004621e-06 3.947192742351706696e-01 2.836322963150045839e-01 8.558028884318329144e-02
2.870386574337932539e-01 2.870415217340547276e-01 1.000099999999900012e-06 2.870386574376612154e-01 2.982023817647534991e-01 2.276511587926614844e-02
5.852620484366922310e-02 5.852967156096771512e-02 1.000099999999405133e-06 5.852620485065731376e-02 1.331541374581460380e+00 9.811403069383411798e-06
5.481282591860552056e-02 5.481281573545729313e-02 1.000100000000000809e-06 5.481282591596224607e-02 1.492155168039551727e+00 7.049243793175209750e-06
6.569970576358923064e-02 6.570024671227650548e-02 1.000099999999917800e-06 6.569970584830001070e-02 1.616046989052993821e+00 1.253028477880754572e-05
1.764533906447907641e-01 1.764533811665700003e-01 1.000100000000000386e-06 1.764533907755059250e-01 1.124188664254375247e+00 8.633503440921062953e-04
1.000000000000000000e+00 1.000000000000000000e+00 9.999999999999999547e-07 1.000000000000000000e+00 1.000000000000000000e+00 1.000000000000000000e+00
3.803842200555737074e-01 3.807285285980775424e-01 1.000099999990951533e-06 3.803842205002682664e-01 2.871784393842473082e-01 7.289541368687253720e-02
4.179149034996167411e-01 4.179144469123081684e-01 1.000100000000011185e-06 4.179149035008439261e-01 2.773708685991289613e-01 1.099745984943084065e-01
1.374871369531801557e-01 1.375445101857459274e-01 1.000099999995822819e-06 1.374871369663245579e-01 3.903384242053246633e-01 9.163619871005253183e-04
6.009552421352109403e-02 6.010726431253656660e-02 1.000099999998044798e-06 6.009552421622612467e-02 9.257397636223806403e-01 1.508879874535171715e-05
5.483562105714218093e-02 5.484697694142213337e-02 1.000099999997930661e-06 5.483562109143683833e-02 1.027359966871178809e+00 9.800881217892563926e-06
4.057231718114454738e-02 8.167348302338257870e-02 1.000099992996018776e-06 4.057231742303868405e-02 1.231943445210800903e+00 3.052372845900995992e-06
8.600498042060907098e-04 8.600632734858613395e-04 1.000099999999847708e-06 8.600498042169800027e-04 2.747889956055553995e+01 1.000000019817643998e-06
3.079909423787920431e-01 3.079903255664146466e-01 1.000100000000020715e-06 3.079909423834976123e-01 3.694571240989258376e-01 2.435576757259668920e-02
2.749090603197822391e-01 2.749090951568201047e-01 1.000099999999998692e-06 2.749090603114751619e-01 6.807555606614622556e-01 8.390931445086464990e-03
1.000000000000000000e+00 1.000000000000000000e+00 9.999999999999999547e-07 1.000000000000000000e+00 1.000000000000000000e+00 1.000000000000000000e+00
6.075778738038078997e-03 6.124651837539706913e-03 1.000099999919869798e-06 6.075778320666457358e-03 6.676869814787107948e+00 1.000203363411962725e-06
8.256586983022105993e-04 8.256767707448213868e-04 1.000099999999781640e-06 8.256586982697925207e-04 3.196973674994925574e+01 1.000000014468303558e-06
2.422163478651833401e-01 2.422165533590118214e-01 1.000099999999991068e-06 2.422163478640440293e-01 3.608105821995072349e-01 9.540620522821365718e-03
1.991911230365656649e-01 1.991878579749386535e-01 1.000100000000164287e-06 1.991911230144776945e-01 4.523906886461741550e-01 3.480878327405271481e-03
2.271721047009758743e-02 2.299690675843308815e-02 1.000099999877637794e-06 2.271721043842772972e-02 2.670222498763347829e+00 1.099699132185666083e-06
2.981174800643304201e-01 2.981174256896031438e-01 1.000100000000001868e-06 2.981174800632374056e-01 3.937524771852746741e-01 2.006055790430183450e-02
3.337884460518528718e-01 3.337884572516229831e-01 1.000099999999999539e-06 3.337884459274523818e-01 6.123686224773158271e-01 2.027187527977526021e-02
3.197554038510079244e-01 3.197554730995760819e-01 1.000099999999997633e-06 3.197554038627575257e-01 4.317409060130128484e-01 2.421437834397115879e-02
1.000000000000000000e+00 1.000000000000000000e+00 9.999999999999999547e-07 1.000000000000000000e+00 1.000000000000000000e+00 1.000000000000000000e+00
