1.000000000000000000e+00 1.000000000000000000e+00 1.000000000000000000e+00 1.000000000000000000e+00 1.000000000000000000e+00 1.000000000000000000e+00
1.000000000000000000e+00 1.000000000000000000e+00 1.000000000000000000e+00 1.000000000000000000e+00 1.000000000000000000e+00 1.000000000000000000e+00
4.584880111368455635e-01 2.320191791887153343e+01 1.976128184375864141e-02 4.584880109900801304e-01 1.499861680070600223e-01 2.946204051570543436e-01
2.295305009873807311e-01 4.110865912545513652e+02 5.591175038927260815e-04 2.295305009479246816e-01 8.629590812041978976e-02 3.216362304867115968e-02
5.462412006369815089e-03 4.087360900166962097e+01 1.346116888204629378e-04 5.462412004741858639e-03 8.127515880096349843e-01 1.001094757202910101e-06
4.678791383816762080e-03 6.036523608922712558e-01 7.750081819637764588e-03 4.678791386660181156e-03 2.648966267425107102e+00 1.000180749399183458e-06
6.967746445665393543e-06 1.932251584098166053e-01 3.193452914582327784e-05 6.967746446476125199e-06 9.029350037922029060e+01 9.999999999999999547e-07
2.654317431775964353e-01 6.372659481767281164e+01 4.165872651810210991e-03 2.654317431959019591e-01 1.125350610201868995e-01 4.411209456067693296e-02
3.094983933438431589e-01 1.312086315916129919e+01 2.358882287292284399e-02 3.094983931699556434e-01 1.362355880771354000e-01 6.735178690063237106e-02
4.534330410368617170e-03 1.172486690021525613e+00 3.867298473054261478e-03 4.534330410313230052e-03 1.857815827382360618e+00 1.000227303725363667e-06
4.617907719856356175e-01 3.133303678889763546e+02 1.474350164085264396e-03 4.617907720707363217e-01 1.085314510938489158e-01 4.190131440338791258e-01
2.478182189964590887e-01 2.472684458238802918e+01 1.002294097333025075e-02 2.478182189266014690e-01 1.320735780883305621e-01 2.855619536755851784e-02
4.427585152861923112e-01 1.659048428550782550e-01 2.668759690196601753e+00 4.427585152991883599e-01 3.021028678703807091e-01 1.272070113203852548e-01
6.273545084038775613e-05 5.448338565798269695e-01 1.141952803452473694e-04 6.273545084591131897e-05 1.667082513092046980e+01 1.000000000000867740e-06
1.395524915498322915e-01 9.960668180809767458e-02 1.401038871585202461e+00 1.395524915497393381e-01 7.279375172949862360e-01 5.220237868747309952e-04
3.104019626469364246e-01 1.013960315576128701e-01 3.061311402611845089e+00 3.104019627615677845e-01 4.034387028901033623e-01 2.301041960317095833e-02
1.640032300020335676e-01 4.522048344959903261e+02 3.635106496108705151e-04 1.640032300209654237e-01 8.588890549187520873e-02 8.423760415324402229e-03
3.806933157768703502e-02 4.839062399036941908e-02 7.867315285858066387e-01 3.806933159145168416e-02 1.106053334595313853e+00 2.898536602616641119e-06
1.999468466587566162e-01 1.608755329269748700e+02 1.243647126308342326e-03 1.999468457418585865e-01 7.035757200026404590e-02 2.271780548363292254e-02
1.606290711143589234e-01 7.628735764129860399e+02 2.114496628069297305e-04 1.606290710509928055e-01 4.824985338857943479e-02 1.379933452866426678e-02
1.920225079473588947e-01 1.551283197198151775e+01 1.237894646619180743e-02 1.920225078985841605e-01 1.416062558845656849e-01 9.601162213921597341e-03
8.545544918253371205e-05 7.089119331805021629e-01 1.200294249970803331e-04 8.545544907664537793e-05 1.543113246165004249e+01 1.000000000003284749e-06
1.862106083667408596e-01 4.087859720729054061e+03 4.636242019393885559e-05 1.862106083868529383e-01 3.575634401248402316e-02 3.362288954969375881e-02
1.000000000000000000e+00 1.000000000000000000e+00 1.000000000000000000e+00 1.000000000000000000e+00 1.000000000000000000e+00 1.000000000000000000e+00
2.080615460119776550e-01 9.235216539337466202e+02 2.260729555905721525e-04 2.080615460603440492e-01 6.945300130984367881e-02 2.698618906457253899e-02
2.189781478879656088e-02 1.890511975432924316e+02 1.168031636411390639e-04 2.189781478879733803e-02 2.635274306812159240e-01 1.872388664617345588e-06
1.733296146475193367e-01 6.004157799905645021e+01 2.887670429978611477e-03 1.733296146512260660e-01 1.503002455798393699e-01 6.006251167907057827e-03
1.000000000000000000e+00 1.000000000000000000e+00 1.000000000000000000e+00 1.000000000000000000e+00 1.000000000000000000e+00 1.000000000000000000e+00
1.792620083641747741e-01 7.954380967338075834e+02 2.261812358262899145e-04 1.792620085107665961e-01 4.684247367438109516e-02 2.204332215468664605e-02
1.000000000000000000e+00 1.000000000000000000e+00 1.000000000000000000e+00 1.000000000000000000e+00 1.000000000000000000e+00 1.000000000000000000e+00
2.700929377960593208e-02 5.107097238220626423e+01 5.298194712319172607e-04 2.700929349064581583e-02 3.509778144317501347e-01 2.517869878225113260e-06
2.753572270975618248e-06 2.187699560696732826e-01 8.677602142878605335e-06 2.753572271930518724e-06 1.317148412425721062e+02 9.999999999999999547e-07
6.786369718389280437e-02 3.154315397285236600e+01 2.152356919231612938e-03 6.786369718464382861e-02 2.511866512001340035e-01 8.544053032726968346e-05
2.014475378248334059e-01 2.973795306484099683e+02 6.782130596762763917e-04 2.014475378802987326e-01 8.055031397918653580e-02 2.044633422599448358e-02
1.609670916842138033e-01 2.618963166842632745e+03 6.230033915317873634e-05 1.609670916641850746e-01 4.665288448652811504e-02 1.439206145309465147e-02
1.122753201794272730e-02 8.710517840490475064e+05 1.000173159095459673e-06 1.122753206022381219e-02 3.301943498731724214e-02 1.484134112180573001e-06
1.049992355557750195e-01 3.226579668812871205e+03 3.343553367872203108e-05 1.049992355547167550e-01 4.992561397089601005e-02 2.435762208347236769e-03
1.834844449765165308e-01 3.783072000413695690e+01 4.850938498773247481e-03 1.834844451191544878e-01 1.194423562713190223e-01 9.489881330438591778e-03
2.271173473443947530e-02 2.931465679807247966e+02 7.845002776216239730e-05 2.271173474585959362e-02 1.960783449025994551e-01 2.357130521835883368e-06
1.895703062787637561e-01 1.355064836308527809e+01 1.399050060681123440e-02 1.895703062769709402e-01 1.480343406383378413e-01 8.724933130624872718e-03
3.757646051962246908e-02 2.515979420298970979e+02 1.503089140414619969e-04 3.757646047685045398e-02 1.552033656131033279e-01 1.385005441288616669e-05
1.760469435042119613e-02 2.303308986556009040e+04 1.746634984751421342e-06 1.760469435314447606e-02 6.379423122584380879e-02 2.505358729705533424e-06
1.000000000000000000e+00 1.000000000000000000e+00 1.000000000000000000e+00 1.000000000000000000e+00 1.000000000000000000e+00 1.000000000000000000e+00
2.568052315786656381e-01 4.882424074011642006e+02 5.267207527563746473e-04 2.568052315025677323e-01 7.048552011514673532e-02 6.170625311473661861e-02
1.000000000000000000e+00 1.000000000000000000e+00 1.000000000000000000e+00 1.000000000000000000e+00 1.000000000000000000e+00 1.000000000000000000e+00
1.000000000000000000e+00 1.000000000000000000e+00 1.000000000000000000e+00 1.000000000000000000e+00 1.000000000000000000e+00 1.000000000000000000e+00
2.443369348811687963e-02 1.089794579615726100e+01 2.242923188903724659e-03 2.443369363171984249e-02 5.505787934894181834e-01 1.648167503035304455e-06
1.435730268073441007e-01 2.715025398481493539e+02 5.296804285167454546e-04 1.435730266285272505e-01 9.456115208695126118e-02 4.493866531227425770e-03
2.360856244157750472e-01 7.892614609641600509e+01 2.991996527923273044e-03 2.360856244191849307e-01 1.118294332077015840e-01 2.777841059498962345e-02
2.239276712754710297e-01 2.927823787715816479e+02 7.656108162712432080e-04 2.239276712542844217e-01 8.896212578068224408e-02 2.826237060409702087e-02
2.262225765842272029e-01 7.959591356607360524e+01 2.842859514028656543e-03 2.262225767573763924e-01 1.067781371218249065e-01 2.452382345449486550e-02
1.214169880581283598e-02 1.850550399838419935e+02 6.659178049041608474e-05 1.214169880326677192e-02 2.831911493640928423e-01 1.076699932964303353e-06
1.000000000000000000e+00 1.000000000000000000e+00 1.000000000000000000e+00 1.000000000000000000e+00 1.000000000000000000e+00 1.000000000000000000e+00
4.106931712490268227e-01 7.511648373022935630e+02 5.473306131689078527e-04 4.106931711630138482e-01 9.368069018411823157e-02 3.036842524541786270e-01
2.726843922223845488e-05 5.228713577080846067e-03 5.015732978772130361e-03 2.726843921783448664e-05 8.013865384838668149e+01 1.000000000000005884e-06
1.809207698958458232e-01 2.829454359436794562e+02 6.402019848651479498e-04 1.809207694974547254e-01 6.428914287597503607e-02 1.666683513985194390e-02
4.731713564463043559e-02 7.764879195838457482e-02 6.093899382771325035e-01 4.731713558206739750e-02 1.302406683010879362e+00 4.848437375404140361e-06
4.463674293855768305e-02 1.242526407388269416e-01 3.592336821819660519e-01 4.463674293037267482e-02 1.028527401502798089e+00 4.859610715627048363e-06
5.256591270117631082e-02 3.380816708392215264e-01 1.554787328946064529e-01 5.256591269799804761e-02 7.062143919505532441e-01 1.181086147399378667e-05
6.107590802161288329e-02 4.547414682822281118e-01 1.343096592130064437e-01 6.107590803259345391e-02 6.643174387546142423e-01 2.194776723651103986e-05
4.256241109079920704e-01 2.672517121644721882e+01 1.592652184974537380e-02 4.256241110047918053e-01 1.598327860066511841e-01 2.053241276520261505e-01
2.111230529201523209e-01 1.323176655141721483e+02 1.596396582263823454e-03 2.111230529233280862e-01 9.508458920999665609e-02 2.089408555192068251e-02
1.000000000000000000e+00 1.000000000000000000e+00 1.000000000000000000e+00 1.000000000000000000e+00 1.000000000000000000e+00 1.000000000000000000e+00
1.000000000000000000e+00 1.000000000000000000e+00 1.000000000000000000e+00 1.000000000000000000e+00 1.000000000000000000e+00 1.000000000000000000e+00
1.000000000000000000e+00 1.000000000000000000e+00 1.000000000000000000e+00 1.000000000000000000e+00 1.000000000000000000e+00 1.000000000000000000e+00
3.529149182305963247e-06 2.090516794500053011e-01 1.270930340545296271e-05 3.529149182745858796e-06 1.239198238201435345e+02 9.999999999999999547e-07
5.666440270404742019e-03 4.902397654166599228e-01 1.155735867892636499e-02 5.666440267583745978e-03 2.712249224013988602e+00 1.000379817826541672e-06
2.192771733591781791e-01 2.349154145637695734e+01 9.335006248559039529e-03 2.192771734076506551e-01 1.657393493218404235e-01 1.395000574094754607e-02
2.049717628868240882e-01 2.136361663229041918e-01 9.594430034422379849e-01 2.049717628886711662e-01 4.989421119236853719e-01 3.538774215237332470e-03
5.207703975316071432e-01 6.644601144299204509e-02 7.837547461049228836e+00 5.207703978269520029e-01 7.169331782982147905e-01 1.025901703350310668e-01
3.458040822617790000e-01 3.548020619964168954e-01 9.746393367771964966e-01 3.458040822636758715e-01 3.529873679038921241e-01 4.050978618686529309e-02
5.764017124684713694e-02 4.633768427682481317e+00 1.243705376021966846e-02 5.764017122988703001e-02 3.311644191321341246e-01 3.429546949480168810e-05
4.690022139551651148e-01 1.448450580519319297e-01 3.238094657773388008e+00 4.690022140568890774e-01 3.405313631296169041e-01 1.420473346819796923e-01
3.297110705419579735e-01 1.020699947241277172e+01 3.230298265046777778e-02 3.297110704902814216e-01 9.091071340769286968e-02 1.299897599925413372e-01
1.541065680616943989e-01 1.536807146400798407e+00 1.002769466966981077e-01 1.541065683031020705e-01 3.672364420123918616e-01 1.536834026662422430e-03
1.941835455917408915e-01 4.214846643770128054e+01 4.607893673887824074e-03 1.941835458920413426e-01 1.329508522529782855e-01 1.069592018575735159e-02
1.971746634450909780e-02 3.777541239634841759e+02 5.317429351560812263e-05 1.971746634466915379e-02 2.532483921827172746e-01 1.596745455090510690e-06
1.737050168598648983e-02 6.398164439161282502e+01 2.724606962594549068e-04 1.737050168779844667e-02 3.134881759015648028e-01 1.290405264676094920e-06
3.012840170125450972e-04 3.845463889712811323e+01 8.806403883594278190e-06 3.012840169272696148e-04 2.412274829855943548e+00 1.000000003366634048e-06
2.576038907152214952e-01 4.953533084762123950e-01 5.200401578196187646e-01 2.576038907057561778e-01 2.775477918518560738e-01 1.586661590175121594e-02
9.647353121889688798e-02 2.553327441132406395e-01 3.778329443281683298e-01 9.647353122119665947e-02 5.475466766210902447e-01 1.591952667555220460e-04
9.186329337382227733e-02 6.916439199938444193e-02 1.328188754364927560e+00 9.186329335195939083e-02 9.438650590569780396e-01 7.643786130698263155e-05
3.700598405469508478e-06 2.624183613934656135e-03 3.611807846055412659e-03 3.700598602474518439e-06 2.947638591706892726e+02 9.999999999999999547e-07
2.352792798050068745e-01 4.312204071245635078e+02 5.463736145797706010e-04 2.352792798035566735e-01 8.302587606650162211e-02 3.690534352512678251e-02
1.939754317912156523e-01 5.802664564241200651e+01 3.343681185351076758e-03 1.939754317924054228e-01 1.395154005338830328e-01 1.014853347270453822e-02
1.000000000000000000e+00 1.000000000000000000e+00 1.000000000000000000e+00 1.000000000000000000e+00 1.000000000000000000e+00 1.000000000000000000e+00
1.000000000000000000e+00 1.000000000000000000e+00 1.000000000000000000e+00 1.000000000000000000e+00 1.000000000000000000e+00 1.000000000000000000e+00
1.000000000000000000e+00 1.000000000000000000e+00 1.000000000000000000e+00 1.000000000000000000e+00 1.000000000000000000e+00 1.000000000000000000e+00
1.815086485702992539e-02 4.019906751230410435e+01 4.524784422709006481e-04 1.815086485585178794e-02 4.978986080552343374e-01 1.217956047248291339e-06
1.539088132311493828e-01 1.038423904802308897e+02 1.482971569628896164e-03 1.539088130159253220e-01 1.658575311797930996e-01 3.384005486804230432e-03
1.000000000000000000e+00 1.000000000000000000e+00 1.000000000000000000e+00 1.000000000000000000e+00 1.000000000000000000e+00 1.000000000000000000e+00
2.023042955564705936e-04 2.317856888604180321e-01 8.694593440498295852e-04 2.023042958419332736e-04 1.591305641518921021e+01 1.000000000103071794e-06
3.883361886693081910e-02 5.043955625244384677e+00 7.699813600282260327e-03 3.883361886521748130e-02 4.580411592212744742e-01 5.964975981660481214e-06
3.553882907829235549e-01 4.728897731238684621e+00 7.515197190157117679e-02 3.553882907843401440e-01 1.536008077334277966e-01 1.038411818508790524e-01
2.353602746179403460e-01 1.637141166887571728e+02 1.438394638210176504e-03 2.353602746058406081e-01 7.766928063680551830e-02 3.951053772932488356e-02
2.582112728355646092e-01 6.879699410819182237e-01 3.753111765103807063e-01 2.582112744598456522e-01 2.249940978418015769e-01 1.975175126616966065e-02
3.129046250330786566e-02 1.920740167618240321e+03 1.726097219240124662e-05 3.129046248164018412e-02 9.700004480997155565e-02 1.089104826317564652e-05
2.653101414743745052e-05 3.201005972519434528e-01 7.939084114448119933e-05 2.653101417265063642e-05 4.065566409418622129e+01 1.000000000000009696e-06
1.813288718134152822e-01 3.310252063408971046e-01 5.477786850971591015e-01 1.813288718065625416e-01 4.579329111749734782e-01 2.361845964915473047e-03
2.946217508748926253e-02 3.534069060224407622e+03 9.306832464045239616e-06 2.946217509189470035e-02 1.082132681297680032e-01 7.962977833283854491e-06
1.092506037894551071e-02 1.103713936603052844e+03 1.088673544259475511e-05 1.092506037268758425e-02 2.240230548244498965e-01 1.063581025163846200e-06
1.976253186187554023e-01 5.731019502602572175e+03 3.528680424887574907e-05 1.976253186086440738e-01 2.433253163010480266e-02 6.270939388319993202e-02
1.126338752864814406e-02 3.708714516839334829e+04 1.292308497687037857e-06 1.126338753294911683e-02 5.916989720809854442e-02 1.271979877641262826e-06
2.495487639299686766e-03 5.471188666759168200e+02 5.556685985270642243e-06 2.495487640370364166e-03 5.420786967708787207e-01 1.000071410848593619e-06
1.062922101203749303e-01 2.335208586547653056e+02 4.560769418128182468e-04 1.062922103083635689e-01 1.181243994905064598e-01 1.081550211585880026e-03
1.000000000000000000e+00 1.000000000000000000e+00 1.000000000000000000e+00 1.000000000000000000e+00 1.000000000000000000e+00 1.000000000000000000e+00
1.662038912676608304e-02 6.264938630193848113e+00 2.653907805520573475e-03 1.662038897326249473e-02 7.349271644927403146e-01 1.103816850284672158e-06
1.000000000000000000e+00 1.000000000000000000e+00 1.000000000000000000e+00 1.000000000000000000e+00 1.000000000000000000e+00 1.000000000000000000e+00
1.000000000000000000e+00 1.000000000000000000e+00 1.000000000000000000e+00 1.000000000000000000e+00 1.000000000000000000e+00 1.000000000000000000e+00
3.872955295146379151e-01 8.400895416589710862e+01 4.610767848939125585e-03 3.872955292636530156e-01 1.358511602899118154e-01 1.656185506872125401e-01
1.000000000000000000e+00 1.000000000000000000e+00 1.000000000000000000e+00 1.000000000000000000e+00 1.000000000000000000e+00 1.000000000000000000e+00
2.401497996978098348e-01 1.009199245302284140e+02 2.380362917616306306e-03 2.401497997076960655e-01 1.024007838594261088e-01 3.248177900245864669e-02
2.023142091923249286e-01 2.702480927241629871e+01 7.486978923375571353e-03 2.023142082287265608e-01 1.570985351742851532e-01 1.066604050783829562e-02
3.998233498644921946e-01 2.219861453064479462e-01 1.801121823085352291e+00 3.998233498738983926e-01 3.289801667270480512e-01 7.768151818165829059e-02
2.041037164950236793e-01 1.047413929484609838e+02 1.949438157003195336e-03 2.041037164033306650e-01 1.017796379988439442e-01 1.705072655662877301e-02
6.301127738571436765e-02 1.721680928146990297e+01 3.660787610477593372e-03 6.301127738974178494e-02 2.362127212167106916e-01 6.773707837889352316e-05
5.139985378802811034e-02 1.249803821449229326e+04 5.061189311519106479e-06 5.139985381727346647e-02 4.586174335112175315e-02 1.532339551195374303e-04
8.450406359669470138e-03 1.452362173095548542e+03 6.809247867373013043e-06 8.450406359017321664e-03 2.208439498688964941e-01 1.023079440828227923e-06
4.195073898603702278e-01 4.139499711738679477e-01 1.013425360329682112e+00 4.195073898571852200e-01 2.552717456450190325e-01 1.213287035807548708e-01
9.065201632590115521e-02 1.865665584698292889e+02 4.867904973643822296e-04 9.065201640490624935e-02 1.132296028715248648e-01 5.974713469749426192e-04
4.842650972360740096e-03 6.769528787968957331e+05 1.000391720844958159e-06 4.842650964872732486e-03 6.264796041424661177e-02 1.008825298258082103e-06
2.671549056157189739e-01 3.352660271556240912e-01 7.968440407502271894e-01 2.671549056214735374e-01 3.142965216069198986e-01 1.620815114617197433e-02
2.162424486911657395e-01 1.273821749663479466e+02 1.698333586286751139e-03 2.162424488632193331e-01 7.774920998173762143e-02 2.811649100651083741e-02
1.955443774531544568e-02 1.334274679272695903e+04 2.445996220738559590e-06 1.955443774247727154e-02 7.620917037861388299e-02 2.918268862451778145e-06
9.360872493199412503e-02 2.392961898389673880e-01 3.911810458695753057e-01 9.360872494347480255e-02 5.092415868931429168e-01 1.517768457240819711e-04
1.389162981898995914e-03 7.662517618581921852e+03 1.179800131004223798e-06 1.389162981605793603e-03 2.309746871819141345e-01 1.000016081279940950e-06
1.247271295464920035e-02 6.960570323605120939e+04 1.117209464426734667e-06 1.247271297142933145e-02 4.207324577960220441e-02 1.577341897870804252e-06
2.065863523292955362e-01 8.689311747928282159e+01 2.378242829231621766e-03 2.065863525640567189e-01 1.110010819296361473e-01 1.640947203510148208e-02
1.393379589911501737e-01 3.700597979703385136e+03 3.851313454355011765e-05 1.393379589522207307e-01 3.789689253104208677e-02 9.945801321609517437e-03
1.923742554452091691e-01 2.624701152940436941e+02 7.337563753117555369e-04 1.923742553830100066e-01 8.322005139962501685e-02 1.645799923073592783e-02
6.135458582660886437e-03 8.027066215055526754e+00 7.652025811437680736e-04 6.135458580612580468e-03 1.200824155602549403e+00 1.001179202666140366e-06
1.577181569835790775e-01 3.207369515344973365e+02 4.925641347513541948e-04 1.577181571686915584e-01 9.967718309628549600e-02 6.207118821793908281e-03
3.877234853812535076e-01 3.422141448941036401e+01 1.133043501176900572e-02 3.877234861437817703e-01 1.725330975755663687e-01 1.309836805038336327e-01
1.000000000000000000e+00 1.000000000000000000e+00 1.000000000000000000e+00 1.000000000000000000e+00 1.000000000000000000e+00 1.000000000000000000e+00
2.317761503943580048e-01 2.706075365747941319e+01 8.565766076543121499e-03 2.317761506283391171e-01 1.469314327244261309e-01 1.964265485340422127e-02
2.332587275274103922e-01 2.332461068186409414e-01 1.000054111445049854e+00 2.332587275176665753e-01 4.862165089627727421e-01 6.089851205196025394e-03
2.352466524389681035e-04 1.002487945192892749e+00 2.345900414449062518e-04 2.352466507367015477e-04 9.624800619355854181e+00 1.000000000312466597e-06
1.858923743818361729e-01 1.845090242388363333e-01 1.007497491318527505e+00 1.858923743881626678e-01 4.748059336247825724e-01 2.516049912914927918e-03
2.151167470746235821e-01 1.004282560974630059e+02 2.142791637593047162e-03 2.151167470630716283e-01 7.328412823919666641e-02 2.922238312344049849e-02
1.564186693999585279e-02 1.214081312986045532e+03 1.386965969881640644e-05 1.564186690300922375e-02 1.464486966276287994e-01 1.409241515820715979e-06
9.132194141203948490e-05 5.110975402645671073e-01 1.776999613062977689e-04 9.132194138537048315e-05 1.591881150275388634e+01 1.000000000004178792e-06
1.636335122244098883e-01 4.909873954598853452e+00 3.332778093594594010e-02 1.636335142626679784e-01 2.982136083105695890e-01 2.405469429430553974e-03
6.740437450907829570e-06 1.987142448742753309e-01 2.516222701700288362e-05 6.740437369094715446e-06 8.040836402167639108e+01 9.999999999999999547e-07
1.000000000000000000e+00 1.000000000000000000e+00 1.000000000000000000e+00 1.000000000000000000e+00 1.000000000000000000e+00 1.000000000000000000e+00
9.898525030997702877e-06 3.675359389382859554e-01 2.441732277475305529e-05 9.898525054589112058e-06 5.433082955357670585e+01 9.999999999999999547e-07
2.658624621497677110e-05 1.473403421555335158e-01 1.743138743368278967e-04 2.658624619153205108e-05 5.087877477290858508e+01 1.000000000000008425e-06
2.420261733549843863e-01 3.082835711053844534e+02 7.858305189702357663e-04 2.420261735693710614e-01 5.926578572653176669e-02 5.789428514708047646e-02
4.430608315748813051e-05 1.903069439336179114e-01 2.284958861941975333e-04 4.430608328652357793e-05 2.695733191136131879e+01 1.000000000000130186e-06
9.272384170855196839e-02 9.252769676158059156e+02 1.011176486671608120e-04 9.272384169763440986e-02 6.113289135406869274e-02 1.210237856678575375e-03
2.122232110532803473e-01 1.241696598683952715e+02 1.709917860118521362e-03 2.122232110542748296e-01 6.371508533674773156e-02 3.183913875222688095e-02
2.685503429900595873e-01 7.778121860224938189e+01 3.453352876325678066e-03 2.685503428697941231e-01 9.443607125586597761e-02 5.507892173354528992e-02
1.000000000000000000e+00 1.000000000000000000e+00 1.000000000000000000e+00 1.000000000000000000e+00 1.000000000000000000e+00 1.000000000000000000e+00
2.160288028159829399e-01 4.002247555105622467e+01 5.398491659045357403e-03 2.160288027604957140e-01 1.258311221273621106e-01 1.730838267289357482e-02
1.991389907139837212e-02 1.044651546752604254e+01 1.907128484221544277e-03 1.991389909573869701e-02 6.406547541929827894e-01 1.245752769350064404e-06
1.907452666321027557e-01 3.378548629882745757e+01 5.646547429179676197e-03 1.907452666333693259e-01 2.004828768312369724e-01 6.603704505227270781e-03
1.000000000000000000e+00 1.000000000000000000e+00 1.000000000000000000e+00 1.000000000000000000e+00 1.000000000000000000e+00 1.000000000000000000e+00
1.000000000000000000e+00 1.000000000000000000e+00 1.000000000000000000e+00 1.000000000000000000e+00 1.000000000000000000e+00 1.000000000000000000e+00
9.565560817179159163e-05 5.376995113688046724e-01 1.769870836027583473e-04 9.565560771507753866e-05 1.912410238702596033e+01 1.000000000004192133e-06
3.177100562932554106e-02 2.720546155440580968e-02 1.167823309097646645e+00 3.177100562963638269e-02 2.255059301299724428e+00 1.451832704340674599e-06
3.696872167864633796e-01 1.383214146932878197e-01 2.672678203966946775e+00 3.696872168677693415e-01 4.184541828066513092e-01 4.463830394188186140e-02
1.073447416476276395e-01 5.984899763152590202e-02 1.793605539871100385e+00 1.073447416444093250e-01 9.053687728167674198e-01 1.476529265497675627e-04
2.003012212391853432e-03 3.800293401842572472e+00 5.278008926510912094e-04 2.003012211728754949e-03 1.833449337064822604e+00 1.000008764423626359e-06
4.201765798859879303e-02 6.954685764844681373e-02 6.041582862472537618e-01 4.201765778624262648e-02 1.158719697479152932e+00 3.693796986774437116e-06
2.954947712706668672e-01 1.312468717876048019e-01 2.251452878367930399e+00 2.954947710012313933e-01 3.999940390456950823e-01 1.905620768446119467e-02
8.765232567581214829e-01 3.646270162277031462e-02 2.403895352167283761e+01 8.765232887908193105e-01 7.850956008384302187e-01 7.518502854619245612e-01
1.901422425930621163e-02 1.504255364788911579e-02 1.264046316785544910e+00 1.901422426639448604e-02 3.278972908042122381e+00 1.039859875873881792e-06
7.622367609863407445e-01 4.264844326586492151e-01 1.787256123961941556e+00 7.622367609758079476e-01 4.320032295427689295e-01 7.813985802543460535e-01
6.989334238415462197e-02 4.353134062336101034e-02 1.605599012019049976e+00 6.989334237917629866e-02 1.207631195137496505e+00 2.076145553311795752e-05
2.739887781818061141e-01 1.195209950102903845e-01 2.292401692969694871e+00 2.739887783430249857e-01 4.392017000808525196e-01 1.283190798546239922e-02
2.996965515494680599e-01 8.390796911962519289e+01 3.572418041714737948e-03 2.996965515003338631e-01 7.107276238631193843e-02 1.135129852303564113e-01
3.336534360716916781e-01 1.752639427095382396e-01 1.903724347316117838e+00 3.336534360380473130e-01 3.218647056530580808e-01 3.850551189315476464e-02
2.373704470283796442e-01 5.104745341101653366e+01 4.650739512196666245e-03 2.373704475342516551e-01 7.813956070857548675e-02 4.062924088405664436e-02
2.748282578231165882e-02 7.920502132689472319e+01 3.479386733611565486e-04 2.748282576890997281e-02 2.030474780753500352e-01 3.808921114839347190e-06
2.978711398074583294e-01 1.777556703592411935e+01 1.675795387968423075e-02 2.978711396846249748e-01 1.407175709324057777e-01 5.594618652704331369e-02
1.803084692420430513e-01 2.974477406901291943e+02 6.070187047013740449e-04 1.803084693195619592e-01 9.183031171835938367e-02 1.150787135313338823e-02
2.194946745854166326e-01 2.920939597094193800e+02 7.522270443628448384e-04 2.194946745326090964e-01 8.813509738669450533e-02 2.633809253511876572e-02
1.751722282460140279e-01 7.719384898349385082e+01 2.270081527549388904e-03 1.751722280815855293e-01 1.379789263189497295e-01 6.826980553901431520e-03
1.000000000000000000e+00 1.000000000000000000e+00 1.000000000000000000e+00 1.000000000000000000e+00 1.000000000000000000e+00 1.000000000000000000e+00
2.601638200281301393e-03 7.145967501592437543e+00 3.649484599049928626e-04 2.601638218737283362e-03 1.947797393761554252e+00 1.000023480906264480e-06
2.671369978072361470e-02 1.380534254916272552e+01 1.935918782533380990e-03 2.671369977096952827e-02 5.211913107143130164e-01 1.977220539361674984e-06
1.234635320598751688e-04 5.443966513826962172e-01 2.259207472756117566e-04 1.234635320722013549e-04 1.781854085015692135e+01 1.000000000012616299e-06
1.000000000000000000e+00 1.000000000000000000e+00 1.000000000000000000e+00 1.000000000000000000e+00 1.000000000000000000e+00 1.000000000000000000e+00
2.378153363775593887e-01 2.924677903319003036e+01 8.132042196827867289e-03 2.378153371693181306e-01 1.077765673580162314e-01 2.967729127013118973e-02
2.271048153414673698e-01 8.255911623174598901e+01 2.751532043952440321e-03 2.271048154265218333e-01 1.207959363653871854e-01 2.201850292644336182e-02
1.812238443085139872e-01 6.245428674213024351e+03 2.983314741372056734e-05 1.812238441779241149e-01 2.991760071563821788e-02 3.605011539096841106e-02
2.593538190766707108e-01 7.045191759546059984e+01 3.682090285845773543e-03 2.593538187505031178e-01 7.748217228752325714e-02 5.839892200574548636e-02
4.915853451992708679e-06 1.608816065917742233e-01 2.413590214669475884e-05 4.915853436626104612e-06 9.476904864516475868e+01 9.999999999999999547e-07
1.837183195617708015e-02 1.666607722610816689e+00 1.102368197065979431e-02 1.837183187161387996e-02 1.044864667430995597e+00 1.109017643744165706e-06
1.815170984039113644e-01 2.508212993851615025e+01 7.237593931567456486e-03 1.815170981349580326e-01 1.605426841699792162e-01 6.761967365724599714e-03
1.856064189470619796e-01 1.849732493160573483e+02 1.004248026603328167e-03 1.856064189433046796e-01 1.020099615093447293e-01 1.163375688501854487e-02
1.680284853051589589e-01 8.856443990259043630e+01 1.898105893482040932e-03 1.680284852603531331e-01 1.226432527828010682e-01 6.501532001017131662e-03
2.275942773500032046e-01 3.446854825731843164e+01 6.603683069613158069e-03 2.275942770015298156e-01 1.261434128231239682e-01 2.127172799391855232e-02
8.810213956911524310e-04 1.325977409883941220e+02 7.635916000357442440e-06 8.810213958128936982e-04 9.969610566195592494e-01 1.000000601679030015e-06
2.919673693033731365e-01 3.555946326224444221e+01 8.211351814415941350e-03 2.919673690964911805e-01 1.095458557339810818e-01 6.633886250338313917e-02
5.012291309935162134e-05 3.659250217388986215e+01 2.327343727127434890e-06 5.012291325852889881e-05 7.118071299217442416e+00 1.000000000000781766e-06
1.749338175736022405e-01 2.061915475867562861e+02 8.492584912573356796e-04 1.749338179344041289e-01 7.345139907860288864e-02 1.275134747615792007e-02
2.904847707602095097e-01 3.424293634211522175e+01 8.483715251321872347e-03 2.904847709649557852e-01 1.185241745771148658e-01 6.007557908735704222e-02
2.655645871343731423e-01 2.124420861666916949e+01 1.250114314359515241e-02 2.655645870738381764e-01 1.442726626272985424e-01 3.447085209101535125e-02
1.960214446745669158e-03 2.015101848751272939e+01 9.822435231684464385e-05 1.960214446741332783e-03 1.595623427419224916e+00 1.000009235290733150e-06
1.374144418973290410e-05 7.878603287244401177e-02 1.618831133562774168e-04 1.374144418313080066e-05 8.052227754522813541e+01 1.000000000000000378e-06
9.712694455606426733e-03 3.212609014179070854e+00 3.023941667544511030e-03 9.712694451919069022e-03 1.257811969555969078e+00 1.007074152066789505e-06
1.125407449660021375e-01 9.820229238974266528e-02 1.146010688660084043e+00 1.125407449718715258e-01 8.961586571193046469e-01 1.799892196474291791e-04
2.463464369822437605e-01 7.425737247469562874e+00 3.317516928680667304e-02 2.463464380557495448e-01 2.185001883384191101e-01 1.685626446831791844e-02
1.449426441225104278e-01 1.426740088414200081e-01 1.015900923167798453e+00 1.449426441353953987e-01 7.625471729636960072e-01 5.797973998826250110e-04
1.000000000000000000e+00 1.000000000000000000e+00 1.000000000000000000e+00 1.000000000000000000e+00 1.000000000000000000e+00 1.000000000000000000e+00
1.000000000000000000e+00 1.000000000000000000e+00 1.000000000000000000e+00 1.000000000000000000e+00 1.000000000000000000e+00 1.000000000000000000e+00
1.744125517804322525e-02 9.128758236172545767e-03 1.910683801054467557e+00 1.744125517874244372e-02 3.371753406254699659e+00 1.027438511073498259e-06
4.948420820954533283e-01 5.023629178385856653e-01 9.850290717930080264e-01 4.948420820961248467e-01 2.068856540959002899e-01 2.898256926185155402e-01
3.800594139797577320e-01 2.696563725644370191e+00 1.409421270637979673e-01 3.800594146098288939e-01 1.707766296187403221e-01 1.221636729930526410e-01
5.025425865646544477e-01 2.518426447721148520e+01 1.995508738632860782e-02 5.025428135170659782e-01 1.140438405593189042e-01 5.591679200381014514e-01
3.062131285372529654e-01 2.097044005738926339e-02 1.460284663010978434e+01 3.062148781691966803e-01 2.001070492310638382e+00 4.390116293805578288e-03
4.001249018809712593e-03 1.760127417700567930e-03 2.274075233497451443e+00 4.001249098570457477e-03 1.548370793657984734e+01 1.000016536025509467e-06
1.187010630628123758e-01 4.093193399096935192e-02 2.900044230103280274e+00 1.187010630623417523e-01 7.950500556058731627e-01 2.506829115611036284e-04
4.049564201548531625e-03 9.912161361586135921e-01 4.085776777312724768e-03 4.049564232732612117e-03 2.344163333016500150e+00 1.000114855061014492e-06
3.828468084574870312e-01 3.860797949021803066e-01 9.916261069999185995e-01 3.828468082934227135e-01 3.372267205418702507e-01 6.370624350103031019e-02
6.800231026730493844e-02 1.412301900986661751e+00 4.814973429832537788e-02 6.800231033975995265e-02 4.320686793564327277e-01 5.048937011889481239e-05
2.162598658543226082e-01 1.118260258027447307e+01 1.933889420709417051e-02 2.162598595886059683e-01 1.850243692807951035e-01 1.182134909997826187e-02
2.598283920685400816e-01 1.378173531012263275e+01 1.885373968714424558e-02 2.598283914963928631e-01 1.145433568732701912e-01 3.978893162937479494e-02
4.029647696354553277e-02 1.705671803778608497e+00 2.362281349867642252e-02 4.029647696756040454e-02 5.737855909211032612e-01 5.593387792478868665e-06
2.412040346798926538e-01 9.586660534777180942e+01 2.516783769155400263e-03 2.412040346288473192e-01 8.937901060551783905e-02 3.787296608138356752e-02
7.806662486387311306e-03 5.445843617584330332e+01 1.443253417220555440e-04 7.806662485990920053e-03 6.287838088664452485e-01 1.005904623643057371e-06
2.705164629798699205e-01 1.512488469738820740e+01 1.788626614101934340e-02 2.705164629904046603e-01 1.165840668121484319e-01 4.593375937231665429e-02
7.047914397892238725e-01 7.546287522716726981e-02 9.339611814797333267e+00 7.047914462699254035e-01 5.780863177147184118e-01 4.268239345381582561e-01
5.118578642714988121e-05 3.811276942465762763e-01 1.326701340611108879e-04 5.118578642924359758e-05 2.454189902385449784e+01 1.000000000000258300e-06
4.323490901359747229e-02 1.067754331223026293e-01 4.049085602636361969e-01 4.323490901715817958e-02 1.286408556665503022e+00 3.716060280598001662e-06
8.022351255881906505e-06 2.748752221918711047e-01 2.622527050897154640e-05 8.022351254098072058e-06 6.364714097843270224e+01 9.999999999999999547e-07
3.555805601784128300e-01 1.486111607104031729e-01 2.392698655581386280e+00 3.555805601676763072e-01 4.369191466089242248e-01 3.659021133293901412e-02
2.095226930039120316e-03 1.454461797031640025e+00 1.440851629419266427e-03 2.095226928798468637e-03 2.498348917339693553e+00 1.000007700614231805e-06
1.000000000000000000e+00 1.000000000000000000e+00 1.000000000000000000e+00 1.000000000000000000e+00 1.000000000000000000e+00 1.000000000000000000e+00
3.435451968616167751e-01 4.965407588957297669e-02 6.918852989050811253e+00 3.435451964813895365e-01 7.921369357259079313e-01 1.758486955502953225e-02
2.975620260755911795e-01 9.589286301065678586e+00 3.103119687414716138e-02 2.975620266804541725e-01 1.350126418723262556e-01 5.806965023937932929e-02
1.000000000000000000e+00 1.000000000000000000e+00 1.000000000000000000e+00 1.000000000000000000e+00 1.000000000000000000e+00 1.000000000000000000e+00
2.077049847689437789e-01 3.922730899779789837e+01 5.295650383638010085e-03 2.077049845856525634e-01 9.496263310569703908e-02 1.959882362142553042e-02
3.185665588231036821e-02 2.119989380392213116e-02 1.502711237344094064e+00 3.185665587979009256e-02 2.023969846001060446e+00 1.508793007916360902e-06
9.001567749195078794e-02 8.624049102827952007e-02 1.043775616987842048e+00 9.001567749989324019e-02 8.393615404068581753e-01 7.921999347583950598e-05
1.807464605507176289e-02 1.252405921112130613e+02 1.458863663303987604e-04 1.807464605808111954e-02 2.938558328442798517e-01 1.363682736457234967e-06
2.977567509351432642e-04 1.845510705970342613e+00 1.617999630716217057e-04 2.977567512760369186e-04 6.257293260761315423e+00 1.000000001239321812e-06
5.886927132587919942e-02 6.006242810250965458e-02 9.801260065534868060e-01 5.886927066603190456e-02 9.744950682249330365e-01 1.332579555822151240e-05
4.143419111072128014e-01 3.841283080633217106e-01 1.078655278153207053e+00 4.143419107599710660e-01 2.572717410128417814e-01 1.145597539094800749e-01
7.434786498052109449e-02 5.075355751874913862e-02 1.464890021602884618e+00 7.434786497861774202e-02 9.997666636379075600e-01 3.155938947990805598e-05
4.399390283581531835e-01 5.635822666018466820e-02 7.806197698910079197e+00 4.399390284213527402e-01 4.108048318491082651e-01 9.118880546520614916e-02
3.526898795531104858e-01 3.457415139509312785e-01 1.020097028966564068e+00 3.526898795520930219e-01 2.989521365514105633e-01 5.175753376819149099e-02
4.456771300595542828e-01 3.530481545522388842e+02 1.262920782785446113e-03 4.456771317914656194e-01 1.096327895541910208e-01 3.598677629469179684e-01
1.621555587050938774e-01 7.397906116345849625e+01 2.192796417268759804e-03 1.621555586223695500e-01 1.323817260962237563e-01 5.223194557288698275e-03
1.000000000000000000e+00 1.000000000000000000e+00 1.000000000000000000e+00 1.000000000000000000e+00 1.000000000000000000e+00 1.000000000000000000e+00
2.541934515865337252e-01 1.679798933318992127e+01 1.513299875732822958e-02 2.541934521164184724e-01 1.654751802350121204e-01 2.523251133359361714e-02
1.519416512083582305e-02 3.475401374956301481e+01 4.381441390223432910e-04 1.519416512042576044e-02 4.469723230521249202e-01 1.119203272590059060e-06
2.191159908103085252e-02 3.807747783779826278e+01 5.764032614519143350e-04 2.191159906544196123e-02 4.225682481659499001e-01 1.545476676351827792e-06
1.442421892563776620e-01 1.081256991947491392e-01 1.334026284753754288e+00 1.442421892635926683e-01 6.303435267197164960e-01 6.877238533479861343e-04
5.312352973400653600e-01 1.104216185708494502e-01 4.810990857783203012e+00 5.312352973117631105e-01 3.559226238910090934e-01 2.237694237640232009e-01
3.864351915107144264e-01 2.084174024183674256e-01 1.854143455757478520e+00 3.864351915879435384e-01 3.137697000966317429e-01 7.107222453450887101e-02
3.505274089520487441e-02 9.350023106121754454e-03 3.749343203919298873e+00 3.505274092902029709e-02 2.238370174228601073e+00 1.674357060649434238e-06
3.741505119792058465e-01 5.706547988147368106e-02 6.556587827049115802e+00 3.741505124432514817e-01 7.096982556124113994e-01 2.761404370418178364e-02
1.000000000000000000e+00 1.000000000000000000e+00 1.000000000000000000e+00 1.000000000000000000e+00 1.000000000000000000e+00 1.000000000000000000e+00
1.485329033441006863e-01 5.169250030268685014e-02 2.873426532560372504e+00 1.485329033460009163e-01 6.695134238211157829e-01 7.279715279066884155e-04
2.187363438442976871e-02 1.136976145111844261e+01 1.924645494358113041e-03 2.187363440531894451e-02 4.696162653895810113e-01 1.487421947692021295e-06
1.468664824476120512e-01 8.489018025268081635e-02 1.730085816719671987e+00 1.468664824442860173e-01 5.118011067457283181e-01 9.099730952479862661e-04
1.037757580537693736e-01 3.635387763174376730e+00 2.854595499776201722e-02 1.037757579908261257e-01 2.341015597405288751e-01 4.964368740620093501e-04
9.559007885688057538e-02 1.713807164259086302e-01 5.577295202838822297e-01 9.559007886601107729e-02 5.693573348088653008e-01 1.477498277767241169e-04
9.726711504245543621e-04 2.440702702764519991e-02 3.981510386709930654e-02 9.726711518415252864e-04 7.363077887327468929e+00 1.000000121474329209e-06
4.367810872108265907e-02 6.012132164719395655e-02 7.264959423108765524e-01 4.367810870896556702e-02 1.104570169717308925e+00 4.294727611945932554e-06
3.075511846873721922e-01 5.558111197590355212e-01 5.533369462724250232e-01 3.075511846882337252e-01 2.708246552795746109e-01 3.303583291422190760e-02
2.131075219287571244e-03 5.833414552054617258e-02 3.651623353561727486e-02 2.131075219274494465e-03 5.765986721623445277e+00 1.000003570353928046e-06
1.205798828339765122e-01 9.786925184225207797e-02 1.232053010037265084e+00 1.205798828440589054e-01 6.769941997784775234e-01 3.132472965698701746e-04
1.777730967835702558e-01 5.293161575211288294e+01 3.359321033218663245e-03 1.777730982081525413e-01 2.198555143800111078e-01 4.543840647242638336e-03
2.022053120864405751e-01 2.593992450684028128e+01 7.795934536455556216e-03 2.022053139506322650e-01 1.445336897791980602e-01 1.156736163263327385e-02
2.648735291446464579e-01 9.270559912192999263e+01 2.857882939455544564e-03 2.648735291115264512e-01 7.993923561579886761e-02 6.157358880478713131e-02
4.760632307262836482e-01 1.530702142277051223e+02 3.110622999631505996e-03 4.760632304874568010e-01 1.268816961673322752e-01 4.048193674631740957e-01
2.478198295450513642e-06 1.404454506789503121e-01 1.058893421388700599e-05 2.478198295713718966e-06 1.163121360435924885e+02 9.999999999999999547e-07
2.269531870315358857e-01 4.676711023595817096e+01 4.853568213688115758e-03 2.269531868872278479e-01 1.110674226579246582e-01 2.388749193797183590e-02
2.169652166900749857e-02 2.135396776473659770e+02 1.025785690971479800e-04 2.169652167058459119e-02 2.147718018076108792e-01 2.031627165908358054e-06
5.050739459552720106e-02 2.502775385704894617e+01 2.018942488070657373e-03 5.050739460320449736e-02 2.156518242889706449e-01 3.117502718474746002e-05
1.245859105492026341e-04 1.486861054251412961e-01 8.319641343578843343e-04 1.245859106139019922e-04 1.691096618274290719e+01 1.000000000013775887e-06
8.043341551573849604e-05 2.608195039124071024e-01 2.981932932281610273e-04 8.043341513246881323e-05 1.767280991106219190e+01 1.000000000002040457e-06
1.493097299699128883e-02 4.183686900401813546e+03 4.553432274801794050e-06 1.493097300005217717e-02 1.218555492909900589e-01 1.408173502681073504e-06
3.552142987151896136e-02 2.881218888985739510e-02 1.232869201124313419e+00 3.552142987166282545e-02 1.646775958053947164e+00 1.966676011416179965e-06
1.000000000000000000e+00 1.000000000000000000e+00 1.000000000000000000e+00 1.000000000000000000e+00 1.000000000000000000e+00 1.000000000000000000e+00
3.531158429054627734e-01 2.187791898682891478e-01 1.614031453012817252e+00 3.531158429170783708e-01 3.116331570363436998e-01 4.989074618954404683e-02
3.582230940443140860e-02 1.386932211877244248e-01 2.582791942882975422e-01 3.582230937449842195e-02 1.027754381290560737e+00 2.602826178901490999e-06
2.054383823385753649e-01 5.944310298738517129e-02 3.456090682182797469e+00 2.054383823538057374e-01 4.419209749755690364e-01 4.031673379373288367e-03
4.624311273321349836e-01 8.831282122499502230e-02 5.236354696646134954e+00 4.624311273852558246e-01 2.434668741261762637e-01 1.878110485818244024e-01
2.484326139340707965e-02 4.198102384195358172e+04 1.565854240592709330e-06 2.484326139257207397e-02 4.430629122685900839e-02 9.597626887870657581e-06
2.014628466422003217e-01 1.004497428658575018e+02 2.006391540121333240e-03 2.014628466778296545e-01 8.669656840459893932e-02 1.900095403074212805e-02
2.524297220685690624e-01 2.406614598417279893e+01 1.048973576241337725e-02 2.524297224881217327e-01 1.175662443322546685e-01 3.452843719396032907e-02
2.889539311454246695e-01 2.973167136692219104e-01 9.718723867879823786e-01 2.889539311336576377e-01 4.557978093164337663e-01 1.529560912575055401e-02
2.549001726879653318e-01 2.591797765953328114e-01 9.834878735795339333e-01 2.549001726870289142e-01 3.666919567226246679e-01 1.151372568310725202e-02
3.495673704645280155e-01 4.545704968682739988e-01 7.690054852348269243e-01 3.495673709912501259e-01 3.642146340969628082e-01 4.100023464761339692e-02
1.000000000000000000e+00 1.000000000000000000e+00 1.000000000000000000e+00 1.000000000000000000e+00 1.000000000000000000e+00 1.000000000000000000e+00
5.954992527331683799e-02 6.834737746426292060e-02 8.712787418938409134e-01 5.954992526850235585e-02 1.126449818256769264e+00 1.216414095943777051e-05
1.051701162751055626e-03 4.355705192106938921e+05 1.001285783778426498e-06 1.051701163307659434e-03 1.338028943864332798e-01 1.000009121843674998e-06
1.496799708685243591e-01 2.681547413504627442e-01 5.581823586675861426e-01 1.496799708673257623e-01 4.062004207681734202e-01 1.236716426465969644e-03
3.482158186366793307e-02 4.633729208343993072e-02 7.514686501953133924e-01 3.482158191061160424e-02 1.793477650916582622e+00 1.819587415294919187e-06
1.133244298805325401e-01 1.301981212154463918e+01 8.704835236881813820e-03 1.133244298855449750e-01 2.390122060374005319e-01 6.910234967461876144e-04
1.178920092092757971e-01 1.375264925580577110e+05 1.575794178445346067e-06 1.178920092351649074e-01 1.935467403893641192e-02 9.964325725874386211e-03
3.336848560814012488e-02 2.544508560002118358e+01 1.312513881230155431e-03 3.336848583671135626e-02 2.744517209416778569e-01 5.526611861236662159e-06
3.227766295993396151e-01 2.060322839514830140e-01 1.566633584345320518e+00 3.227766295555850040e-01 3.421781757958513581e-01 3.172211121002832535e-02
7.122145960979160586e-06 3.644742693704049463e-01 1.722963350087478189e-05 7.122145957294193724e-06 5.731586510067859308e+01 9.999999999999999547e-07
2.283924900906626476e-01 1.241648951041022464e+01 1.839490927664562056e-02 2.283924917435145308e-01 1.609280960852079168e-01 1.690942004186134218e-02
1.000000000000000000e+00 1.000000000000000000e+00 1.000000000000000000e+00 1.000000000000000000e+00 1.000000000000000000e+00 1.000000000000000000e+00
1.343358996137568595e-01 3.779905962054831703e-02 3.553756637897068860e+00 1.343358996085963208e-01 8.027571168263327728e-01 4.067462745184098876e-04
1.823525537911862282e-01 7.324616915561889263e-02 2.489569024075603210e+00 1.823525538216646535e-01 6.366811439257040739e-01 1.737671442077438119e-03
2.776111309789454640e-01 4.126757862148366929e-02 6.727243470615641208e+00 2.776111308010284495e-01 8.346371474412690450e-01 7.116595830224632831e-03
5.233854484745093655e-02 2.219748897093611409e-02 2.357880156820441719e+00 5.233854480134797482e-02 1.438586300676540031e+00 6.216481019055303179e-06
2.184669281652301676e-02 9.897553973379915604e+00 2.208125244374077849e-03 2.184669283998481176e-02 5.212199983917248369e-01 1.437021121670925086e-06
1.297159182581426318e-01 1.242727193492269580e+05 1.908253770582683515e-06 1.297159182712703529e-01 1.707277738932009431e-02 1.658568391312381998e-02
2.933560816278711347e-01 4.048707752121290526e-01 7.245667225394522015e-01 2.933560816261118753e-01 1.993298803463961766e-01 3.715506087235953547e-02
4.902421234568953845e-01 2.065894838369101982e-01 2.373029786735436186e+00 4.902421234050506893e-01 3.047126327726342176e-01 1.895630017950896973e-01
2.912776144790997779e-01 5.748285496698221086e-01 5.067196108438803970e-01 2.912776144259502931e-01 2.998261569852266328e-01 2.400796888955236685e-02
8.264135340283743081e-02 1.103598798732492448e+00 7.488271872852218791e-02 8.264135339755619702e-02 4.330001915265764834e-01 1.087217577584980571e-04
1.000000000000000000e+00 1.000000000000000000e+00 1.000000000000000000e+00 1.000000000000000000e+00 1.000000000000000000e+00 1.000000000000000000e+00
9.071173438856621699e-04 2.011674815413423689e-02 4.504491779405291052e-02 9.071173440039411459e-04 1.197423017272359935e+01 1.000000056288222600e-06
2.130349227632845621e-01 2.479495796160402676e+01 8.592493180741473530e-03 2.130349228606171208e-01 1.124424682886610294e-01 1.830742690815229806e-02
2.058894449796936088e-01 2.110222267186118472e+01 9.757683332173926888e-03 2.058894450136279641e-01 1.303595446536360281e-01 1.378491614543049179e-02
4.753039422208276549e-02 2.617432506199874886e-01 1.815866267917555232e-01 4.753039421459693409e-02 7.886215087067302010e-01 7.472210139741548381e-06
1.167357845034089955e-03 3.520915191874459005e+00 3.322623709357828471e-04 1.167357845177082127e-03 2.202446849590880440e+00 1.000000840287296249e-06
1.805284730068903165e-01 2.223245080369939686e+01 8.120844202233960807e-03 1.805284730071333998e-01 1.294825547632832974e-01 8.203861749422234131e-03
2.792584965335973002e-02 4.783038963073769168e+01 5.847966191246110109e-04 2.792584964208284087e-02 2.988279726740232789e-01 3.034864558377307355e-06
2.936404146972078355e-02 6.310672699171704814e+00 4.653856570958022666e-03 2.936404146590794115e-02 4.956624450765382273e-01 2.499899595820933214e-06
2.732715319147143163e-01 1.241361589281241157e-01 2.201395967217926852e+00 2.732715318647547798e-01 4.557964332795370055e-01 1.223581479079156181e-02
2.245283826509774927e-01 5.515738511759334273e+01 4.071425144985224391e-03 2.245283824564988095e-01 1.119901472918729823e-01 2.269387744895727185e-02
6.055665511002779056e-01 6.057968566764935225e-01 9.996198283342728752e-01 6.055665496859811148e-01 2.881663501458814891e-01 4.666648375827255335e-01
1.801808167351364983e-03 1.073530788823076731e+00 1.678347876901463507e-03 1.801808164889047957e-03 2.671535404968574223e+00 1.000003932971639571e-06
1.633382404774676999e-01 8.314252169374163060e-02 1.964576366534643403e+00 1.633382404756235085e-01 6.225997265070974951e-01 1.144166408449221340e-03
2.839925300140651032e-01 1.947477285042405981e+01 1.458321726324363424e-02 2.839925300551945364e-01 1.189603189526535487e-01 5.468109184635815134e-02
2.648769174311215724e-01 3.858858910507251272e-02 6.864269914112691495e+00 2.648769172519930826e-01 8.998872450981092452e-01 5.470394708512706788e-03
3.715164476358154833e-01 1.483666565922793501e-01 2.504051108512408863e+00 3.715164465768611146e-01 4.323807377638287930e-01 4.406153721452581162e-02
1.003796727475062545e-01 1.841392788375854295e+01 5.452145113132144533e-03 1.003796728771460534e-01 2.610322394308763894e-01 3.900304194253227381e-04
4.654592054694379165e-03 2.932894890117468378e+01 1.596644158698061022e-04 4.654592046552613258e-03 8.566044882853665055e-01 1.000547618027782824e-06
1.000000000000000000e+00 1.000000000000000000e+00 1.000000000000000000e+00 1.000000000000000000e+00 1.000000000000000000e+00 1.000000000000000000e+00
2.195253393907476147e-01 1.177921800090050297e+01 1.863721717738424377e-02 2.195253393354003324e-01 1.633701399003734678e-01 1.421598644400291767e-02
2.933666023922580912e-01 1.531852524732576271e+00 1.915121273990861572e-01 2.933666021215946551e-01 2.443540063815105301e-01 3.031855893723269663e-02
1.000000000000000000e+00 1.000000000000000000e+00 1.000000000000000000e+00 1.000000000000000000e+00 1.000000000000000000e+00 1.000000000000000000e+00
4.233580101197028656e-01 8.195493902488863724e-02 5.165804831583203693e+00 4.233580101309209476e-01 4.194526806958456810e-01 7.657542393809518844e-02
2.461769688643719589e-01 6.125576377230135705e+00 4.018891382036701709e-02 2.461769688444229165e-01 1.773163171588943710e-01 2.071185210292160461e-02
5.845475212866894921e-02 5.425848042100370888e-02 1.077330835610179172e+00 5.845475216718561129e-02 1.274655958960544622e+00 1.016230318979335024e-05
2.597075299437054808e-05 1.517410497937669300e-01 1.652977898357581711e-04 2.597075304296466903e-05 3.876945840613248606e+01 1.000000000000009907e-06
6.113752849626358232e-02 9.149362045558682988e-02 6.682102203128449380e-01 6.113752849257073768e-02 1.076260887142654221e+00 1.398215575879198551e-05
9.729136201412795504e-02 8.668162260290165899e-02 1.122400248061536265e+00 9.729136200897024744e-02 8.670208522385269845e-01 1.043398742521622734e-04
3.712591548065765079e-01 4.220456190479818237e-01 8.796656976886957358e-01 3.712591547991282437e-01 3.077636116480477191e-01 6.172900678924734402e-02
2.304277341836195175e-02 1.636808640767641598e-01 1.407729423816582448e-01 2.304277337162523656e-02 1.371648958446326283e+00 1.205563084310899493e-06
1.146838484872032471e-05 2.498384633034230612e-02 4.195973437426249279e-04 1.146838468439818775e-05 1.333742697036948073e+02 9.999999999999999547e-07
8.288939531021118912e-01 3.474142794932094658e-02 2.385909356375078616e+01 8.288939486390238809e-01 8.043781663007568694e-01 5.868613108274385315e-01
2.855004104893251490e-04 5.321278546009809984e-01 5.356392488877063148e-04 2.855004098130525803e-04 1.007968214533616802e+01 1.000000000650313100e-06
1.454927738431378348e+00 8.747842599324325008e-02 1.662769990345952209e+01 1.454688510051569184e+00 6.958327716962154907e-01 6.435337884885846016e+00
2.863800526460412790e-02 1.421386690993167896e-02 2.014863261445503539e+00 2.863800525398287403e-02 2.784085145450276855e+00 1.241575422065218249e-06
6.710103701253102015e-02 6.837684950013751817e-02 9.813402736906378099e-01 6.710103701452513336e-02 9.217182629463653853e-01 2.299358689729300031e-05
4.630387642306779683e-01 8.063359399025002427e-02 5.742522932692080140e+00 4.630387646149905501e-01 2.764691233597448283e-01 1.662357468192859344e-01
4.370508639255991229e-02 3.105140067163372070e-02 1.407521162518294400e+00 4.370508621518628956e-02 1.552667595397091205e+00 3.350335644339084279e-06
2.574593673369220820e-02 8.908487204875475962e-02 2.889952967483278012e-01 2.574593675058531664e-02 1.862774594375224746e+00 1.236021785756749230e-06
1.000000000000000000e+00 1.000000000000000000e+00 1.000000000000000000e+00 1.000000000000000000e+00 1.000000000000000000e+00 1.000000000000000000e+00
1.000000000000000000e+00 1.000000000000000000e+00 1.000000000000000000e+00 1.000000000000000000e+00 1.000000000000000000e+00 1.000000000000000000e+00
1.956694495023201807e-01 1.945240634496765431e-01 1.005888168960641815e+00 1.956694495083256269e-01 7.922915525152544047e-01 1.851114253637757773e-03
2.346755990289152438e-01 1.433412305604066184e+01 1.637244568260346617e-02 2.346755995497085134e-01 1.383985501915388772e-01 2.191443213439986729e-02
9.637630644381501571e-06 2.760042374147393396e-01 3.201827109469259692e-05 9.637630643967195733e-06 5.844551569837465621e+01 9.999999999999999547e-07
4.042166709473522107e-02 2.513803500171000321e-02 1.608015862949682129e+00 4.042166708970652833e-02 1.678427889681681107e+00 2.590559434694326713e-06
6.237836754091858477e-02 8.584502402160601453e-02 7.266353984144885425e-01 6.237836758873537002e-02 7.736913645284368979e-01 2.056846267529003499e-05
2.893078228408823560e-01 7.965298539877589956e-01 3.632098540280565557e-01 2.893078226496562100e-01 2.131134457399306015e-01 3.287325600657686753e-02
1.378296193270392711e-01 7.190376870927887853e-02 1.916874297968750529e+00 1.378296193243659096e-01 6.827112219967246265e-01 5.295913109163299460e-04
1.653857395250971640e-01 6.099998697405167292e+01 2.712271541588038345e-03 1.653857391064448012e-01 1.090309272212104386e-01 6.866473687443487225e-03
2.042007628732607216e-01 8.546564040494713765e+01 2.390084678475769275e-03 2.042007628715758194e-01 1.108828246689015778e-01 1.568558753522563548e-02
7.411042742836910537e-04 5.354234156308261827e-01 1.383247680237048973e-03 7.411042730157888208e-04 6.606374398789859548e+00 1.000000045456494867e-06
2.953114793438720367e-02 2.356925429944441319e+00 1.252991011955477928e-02 2.953114793509641067e-02 7.377962906983102087e-01 2.030853562078342720e-06
5.156931306000767302e-05 4.207356683540840470e-01 1.011197659657210178e-04 5.156931295829125398e-05 2.175150418364097504e+01 1.000000000000144162e-06
1.786022701177605518e-02 1.107457782681891878e+01 1.613593187089777019e-03 1.786022696186691239e-02 6.063458638133847334e-01 1.167921741557038149e-06
2.999347826001615425e-01 2.993820824381241419e-01 1.001846150398904234e+00 2.999347825920636312e-01 4.099455694328791311e-01 1.974332530760391710e-02
2.314332943445978619e-01 1.657794104470104912e+01 1.396096237114154148e-02 2.314332940333674038e-01 1.543203054755580561e-01 1.859098066991688933e-02
8.956779261538019288e-01 2.106048667298083751e-02 4.254766099145725633e+01 8.956779185565840740e-01 5.968779232516360223e-01 1.078289781298074290e+00
3.231678368496419540e-01 3.258383269292250972e-01 9.918042293908057028e-01 3.231678368466086027e-01 3.250036998212833539e-01 3.356098144445265885e-02
4.202263923817084815e-03 7.282226445177667706e+00 5.777538681794374895e-04 4.202263926197494920e-03 1.041477736008217247e+00 1.000298603507460925e-06
5.830570244952463892e-03 1.481557204857471277e-02 3.935063374352994470e-01 5.830570244330000873e-03 3.612596818437303625e+00 1.000319576982458319e-06
3.272362451717671372e-01 3.319354488637140110e-01 9.858429963828406750e-01 3.272362451858301657e-01 3.310484300587575035e-01 3.463952819400546723e-02
2.578046733599316798e-01 7.493567631566760312e+00 3.440388030199451053e-02 2.578046732489219783e-01 2.012167139606104160e-01 2.195202225003343652e-02
1.000000000000000000e+00 1.000000000000000000e+00 1.000000000000000000e+00 1.000000000000000000e+00 1.000000000000000000e+00 1.000000000000000000e+00
2.399270496049362433e-01 3.142702469476363891e-01 7.634409805622875966e-01 2.399270496897996097e-01 4.955878419587791961e-01 6.687470119574335722e-03
1.000000000000000000e+00 1.000000000000000000e+00 1.000000000000000000e+00 1.000000000000000000e+00 1.000000000000000000e+00 1.000000000000000000e+00
1.414525620554724084e-02 7.181404838483930464e-03 1.969846430287761851e+00 1.414525620580839131e-02 3.764135795033756615e+00 1.010634065533911038e-06
2.885910228461752158e-01 1.380498669809271939e-01 2.090492380979578790e+00 2.885910227078632428e-01 4.694778615406280387e-01 1.477590020668695728e-02
2.166180873781802310e-02 1.545027015460822932e-02 1.402061639627344425e+00 2.166180873540057145e-02 2.739487588721535971e+00 1.080359341992172955e-06
1.430206165395221940e-01 4.220430668096259580e-02 3.388873798367054491e+00 1.430206164644871325e-01 6.838307438677545536e-01 6.129051871241972824e-04
3.062457063085951003e-01 1.207908774237249627e-01 2.535349297572861538e+00 3.062457063125108014e-01 3.456257220219364767e-01 2.545074921925822437e-02
1.827914098702291268e-01 8.557484065449403943e+01 2.136900174557829733e-03 1.827914104301187337e-01 1.165987232930419809e-01 9.575589362721284234e-03
6.711933902250682982e-02 4.953707063250645604e+01 1.355844125255519644e-03 6.711933901950353776e-02 2.240453234296174712e-01 9.159343784273582458e-05
1.581477395129218116e-02 6.966979856957823504e+05 1.006564097218223130e-06 1.581477392728412520e-02 3.542197897013965591e-02 2.776037972100151770e-06
1.000000000000000000e+00 1.000000000000000000e+00 1.000000000000000000e+00 1.000000000000000000e+00 1.000000000000000000e+00 1.000000000000000000e+00
6.453757281569658666e-01 5.037410204693226756e-01 1.281165879442096367e+00 6.453757282354459779e-01 4.650906466267314965e-01 3.730037077587764482e-01
1.362356191386930593e-02 1.542716651170183582e+02 8.928858800020451924e-05 1.362356191560705129e-02 3.744605639011234222e-01 1.091977843513122262e-06
1.008055646485200851e-01 4.201571027201944641e-02 2.399265037114744814e+00 1.008055646467093808e-01 8.601089207896110977e-01 1.210530507519665209e-04
4.139366337036747695e-02 2.677320669709833112e+01 1.547011479975664945e-03 4.139366335294763360e-02 2.598779777918234224e-01 1.229628035227766693e-05
4.891537051939193192e-02 1.345966919039232323e-01 3.634095676342319337e-01 4.891537051514373985e-02 7.976559080483988096e-01 8.178653551003290618e-06
3.111425083980658424e-01 1.065251109383462236e+00 2.920829037378661064e-01 3.111425083737626163e-01 2.227432796990466146e-01 4.207750929707920057e-02
8.558147569549911030e-03 8.175975864331073535e+04 1.091933568036213077e-06 8.558147565915854432e-03 7.291967720728353974e-02 1.073589503592846953e-06
1.795044495817698163e-02 2.326781546737721840e+01 7.724250707596601534e-04 1.795044488876372177e-02 4.559225559704314645e-01 1.227833168515842808e-06
1.000000000000000000e+00 1.000000000000000000e+00 1.000000000000000000e+00 1.000000000000000000e+00 1.000000000000000000e+00 1.000000000000000000e+00
6.137921777438779328e-05 1.101778275980875299e-01 5.488278822580191325e-04 6.137921742220987104e-05 4.162769034693256032e+01 1.000000000000320345e-06
5.550285289774881678e-04 2.839097690869242907e+00 1.961402953388203239e-04 5.550285284011193540e-04 4.359723255131528141e+00 1.000000021609395450e-06
6.721885664626998491e-05 5.856106482219525233e-01 1.140501424307560261e-04 6.721885705796792302e-05 2.945969883136451628e+01 1.000000000000651323e-06
1.175839016075922033e-01 1.617180537065667068e+03 7.359093398997846192e-05 1.175839016113975899e-01 5.824966750499862428e-02 3.282908692161272055e-03
1.945734468849163457e-01 1.957089700846730409e+02 9.949927224141353384e-04 1.945734463408995418e-01 7.848982968708138885e-02 1.826111817986241989e-02
1.896122689392097660e-01 8.210011696143081394e+01 2.310336808306711134e-03 1.896122689370184078e-01 7.540510673899140925e-02 1.714387892518054110e-02
4.550848759927805104e-02 1.157009164398598439e-01 3.933258880489323706e-01 4.550848758717247061e-02 8.830762780978176352e-01 5.857243459846078981e-06
1.547363488622093552e-01 2.624207397597492673e+02 5.905078361985852987e-04 1.547363488731624548e-01 7.966017473397234150e-02 7.196490533442239865e-03
2.298442062256096652e-01 2.008950210184938499e+02 1.144901593989272300e-03 2.298442062342244685e-01 6.775144644571191865e-02 4.119806456272531725e-02
7.677635690630197490e-03 9.605863659698875854e+05 1.000052978296040200e-06 7.677635699786933624e-03 5.175421862149608143e-02 1.069208487396836889e-06
4.314308846016811499e-02 1.416109343430883016e-01 3.046546879539505093e-01 4.314308845245840712e-02 9.846350666495509163e-01 4.518901900942608501e-06
2.112387102258434235e-01 4.717147475203553597e+01 4.478916269545417557e-03 2.112387099223279330e-01 1.112343811047962483e-01 1.789920960875600667e-02
1.354224301487067517e-01 1.272384599626242285e-01 1.064320346179358001e+00 1.354224301399500063e-01 6.754652918006126550e-01 4.989353938582698298e-04
1.852737680807816614e-04 1.557271929984494818e+00 1.193307880462607449e-04 1.852737680983923302e-04 1.033355487134941519e+01 1.000000000111591463e-06
2.717810260936070477e-01 1.156266569881620221e+01 2.350527438912946784e-02 2.717810250260058735e-01 1.556145240277302944e-01 3.503144209302599260e-02
3.539871413114709098e-02 1.294710055205553445e+01 2.734947937824515687e-03 3.539871419011850900e-02 3.971989184085560898e-01 4.953336791659132898e-06
2.866486242531068873e-01 3.037970448937558103e+02 9.442700175833262715e-04 2.866486243524637989e-01 4.862240196470347942e-02 1.388613223663461571e-01
3.201178838219587153e-01 1.120197708336986437e+02 2.858353482765967502e-03 3.201178837968997604e-01 7.266390119316064322e-02 1.445159797307648264e-01
5.361274410455835193e-03 8.808600627211268019e+00 6.095218220057701131e-04 5.361274409868209759e-03 8.065988283378883184e-01 1.001023576633312348e-06
1.000000000000000000e+00 1.000000000000000000e+00 1.000000000000000000e+00 1.000000000000000000e+00 1.000000000000000000e+00 1.000000000000000000e+00
2.192216693903665525e-01 2.216032923773304242e-01 9.892527160728606939e-01 2.192216694786039144e-01 7.448436600808084895e-01 3.101701208339004579e-03
1.000000000000000000e+00 1.000000000000000000e+00 1.000000000000000000e+00 1.000000000000000000e+00 1.000000000000000000e+00 1.000000000000000000e+00
2.182694829848792436e-04 7.340989084955892308e-01 2.969725635509575293e-04 2.182694829986259243e-04 1.003432565198619919e+01 1.000000000222147051e-06
3.816530270781964135e-02 1.854613321468984860e-02 2.057914124807266543e+00 3.816530270220810928e-02 2.600582151001158859e+00 1.815770497529083317e-06
7.341908185983943291e-02 1.095080847328602225e-01 6.704399045081749220e-01 7.341908187362604366e-02 8.921034741867052142e-01 3.357048887214450652e-05
1.897786568937930574e-01 1.865595862606415078e-01 1.017255000806076781e+00 1.897786568896613624e-01 4.409695871334617379e-01 2.942514414156413832e-03
4.267187726461726394e-01 3.020960003322843979e-01 1.412526757856301440e+00 4.267187723355485018e-01 2.884339568817722022e-01 1.149487962765726734e-01
1.893535363738414745e-02 1.976975683588230750e+05 1.073777943448065950e-06 1.893535363519368783e-02 4.867925620745021387e-02 3.651488283862877183e-06
4.692695128958943035e-06 6.773949247307600730e-02 5.478081035271177975e-05 4.692695130704843958e-06 1.062445597751766826e+02 9.999999999999999547e-07
3.815336095589414583e-02 2.849715482140492213e+02 1.348431057043402695e-04 3.815336104797623779e-02 1.488864900687380255e-01 1.532357683588040780e-05
1.867928365227639609e-01 1.556637963479485336e+02 1.200877673861536817e-03 1.867928365137835611e-01 7.345834310495463759e-02 1.660679187845176194e-02
2.402614740571315868e-02 7.442656456237735085e+01 3.237847744678409617e-04 2.402614701585031182e-02 3.004975966103408669e-01 2.113209530425094917e-06
5.381931251989714206e-03 1.451884488772421733e+01 3.716034084344803281e-04 5.381931251410089316e-03 8.783866635844277404e-01 1.000954806786043177e-06
3.206822241826054530e-06 2.333878789912658680e-01 9.812726307557711810e-06 3.206822235547050961e-06 1.302994347004092219e+02 9.999999999999999547e-07
2.832418705579078932e-02 2.102448519732263987e-02 1.347216707954978387e+00 2.832418705437933504e-02 2.144350403014281259e+00 1.300129254696280859e-06
8.364116224072602919e-05 1.557244936070981911e+00 5.282995016119660124e-05 8.364116240970214972e-05 1.516620835913592025e+01 1.000000000002798763e-06
1.305848435075110114e-01 1.334614760473348538e-01 9.784458191610623246e-01 1.305848435341861180e-01 7.571047150564597095e-01 3.850630913016046190e-04
4.495861072599307423e-02 3.314133589369811644e-02 1.356562788028199629e+00 4.495861065719559263e-02 1.303421632594099711e+00 4.136073874554075566e-06
2.103766963440517890e-01 5.958686814628936235e-01 3.530582032066816867e-01 2.103766963912115096e-01 3.202305255926862770e-01 6.117839388652923129e-03
9.365523700769019040e-06 3.287578704676257652e-02 2.547461378491060755e-04 9.365523733357786676e-06 9.937608513013113054e+01 9.999999999999999547e-07
1.490478066099142351e-01 7.556401124651168644e-02 1.972480020199680384e+00 1.490478066106865618e-01 6.950370605512558031e-01 7.110374221432557654e-04
5.631015151435281915e-04 1.178318175454329486e+00 4.780295131299977887e-04 5.631015159172703729e-04 5.366654055954363400e+00 1.000000018601948007e-06
3.691695375710852822e-01 3.824978711303700929e-01 9.651543858704022538e-01 3.691695375683644031e-01 2.691893377487937777e-01 6.899858497812670632e-02
2.874727161378715090e-02 9.238127557947476906e-03 3.112034679992779385e+00 2.874727165579924262e-02 2.317037549256947049e+00 1.294750746520289700e-06
9.678101424485976989e-02 1.075490256311340147e+02 9.007806585142034582e-04 9.678102127709396763e-02 2.101535157651974461e-01 4.182120165954781384e-04
3.339617396378861958e-02 2.272693504247860763e-02 1.469475547460214582e+00 3.339617397269328825e-02 2.526535069946341139e+00 1.492293311552460800e-06
1.698272022539768777e-01 2.805544281926879790e+01 6.054013043778823031e-03 1.698272024651088785e-01 1.766836602872281781e-01 4.709687242623182557e-03
3.249769854381890921e-01 4.825072180661312687e-02 6.735273471941442658e+00 3.249769727487804571e-01 9.287577467550717225e-01 1.200943112527231953e-02
5.089481584780315010e-02 3.252339461135238252e-02 1.564882493416492881e+00 5.089481584230685224e-02 1.530136185904603874e+00 5.385029532213702266e-06
1.813985989186202019e-01 3.181971765280987574e-01 5.700812806029837976e-01 1.813985989001266341e-01 4.536459748819484106e-01 2.387687741389961892e-03
1.070579893484713968e-02 8.157666245738542639e+05 1.000125962786232194e-06 1.070579894459857545e-02 3.211483192377433821e-02 1.410393943060534085e-06
9.456516095103426750e-03 6.576314833427525208e+00 1.438803794228027096e-03 9.456516095651124054e-03 7.678049870452403614e-01 1.010411067935709580e-06
3.947776163565096946e-02 3.753148965348473284e+05 1.063114795324486277e-06 3.947776163591533438e-02 1.923802834738256792e-02 1.272964547516265417e-04
1.473547558545895142e-01 2.844272070225772353e+01 5.181518697884357483e-03 1.473547558561686399e-01 1.258434660791896698e-01 3.747326608333239727e-03
2.149582258262568435e-01 5.482255563457188785e+00 3.921036740383513491e-02 2.149582258219874531e-01 1.792835270753307952e-01 1.190990808995203050e-02
3.023235155404333657e-02 7.736934147214682866e+00 3.908325534575536435e-03 3.023235152651017332e-02 4.325030028258143311e-01 2.931849311767183443e-06
1.825661445717405990e-02 3.023776806919621141e+00 6.038403742188848920e-03 1.825661444555013238e-02 7.880559501553727753e-01 1.140962000617973397e-06
2.065380345067849566e-01 4.436181295099756738e+01 4.656507376233501652e-03 2.065380344012484048e-01 1.239709328934616855e-01 1.467862934988274463e-02
8.012135803499310927e-02 1.304159146198688446e-01 6.143489153344698916e-01 8.012135801640013488e-02 7.881843221659491361e-01 5.328135714673061301e-05
1.381200938399250195e-04 1.436379025378535512e-01 9.555802551654318973e-04 1.381200935949297790e-04 1.856997289652618122e+01 1.000000000019034267e-06
1.343005598666019984e-01 4.840310348579182431e+01 2.775452992965459290e-03 1.343005603263070225e-01 1.852880931478269044e-01 1.756933214617292707e-03
3.465065576527049385e-01 1.814996464953439193e-01 1.909134802009931242e+00 3.465065576530907965e-01 3.726140249444201413e-01 3.868941583310456234e-02
7.903473072490506990e-06 2.026662908420906184e-01 3.180127109020246023e-05 7.903473020957988096e-06 7.234493116402771307e+01 9.999999999999999547e-07
2.262275115607969289e-01 1.728776906249315815e+01 1.308660847460446641e-02 2.262275115698174632e-01 1.384457544583821698e-01 1.891977678141723226e-02
2.966572165676180650e-01 1.339237469309654260e-01 2.215127494399075747e+00 2.966572163229994064e-01 4.289760514720745710e-01 1.805518239010810155e-02
1.236701197305110217e-01 1.346053535616639465e+03 9.274851684473634807e-05 1.236701197356034204e-01 6.126449757039211658e-02 3.819053546898698841e-03
2.465117872883805794e-01 4.755613181776646714e-01 5.183589686809173536e-01 2.465117872779784836e-01 2.604356190228421242e-01 1.418036994533946119e-02
1.882611020655772516e-01 3.121854054035021520e+01 6.031148556763300458e-03 1.882611015258749410e-01 1.641993062194781472e-01 7.650882630578494277e-03
1.000000000000000000e+00 1.000000000000000000e+00 1.000000000000000000e+00 1.000000000000000000e+00 1.000000000000000000e+00 1.000000000000000000e+00
1.667601579314380855e-01 4.421671441027813643e+01 3.772207120707159189e-03 1.667601556051097056e-01 1.883943712199309950e-01 4.105919060260024810e-03
2.720543525928138529e-01 2.310980256346792105e-01 1.177225705384789212e+00 2.720543527131218386e-01 7.473472847183468826e-01 7.330828486478089753e-03
3.083132074647815246e-01 4.808264561442586071e+00 6.412180446333462513e-02 3.083132073756144065e-01 1.524035124343629533e-01 5.928859718775307541e-02
1.851150524374076400e-01 1.591433558827901962e+01 1.163271951429775859e-02 1.851150524390149654e-01 1.298417243984439640e-01 9.044697293427843635e-03
1.741472837999124765e-02 7.430161669366576689e+02 2.441899599614222931e-05 1.741472838221211350e-02 1.907957145344096328e-01 1.481954566044024854e-06
4.785942119292879715e-02 1.097554937716019197e+01 4.361343452065234369e-03 4.785942121472135796e-02 3.151652136816144312e-01 1.764397323523904580e-05
3.255840024051513959e-01 1.841287843969299232e+01 1.768307317290777544e-02 3.255840023995633659e-01 7.766225172306424895e-02 1.446940517999423526e-01
1.445701014735125689e-01 1.428668426882792062e+02 1.012777884499132868e-03 1.445701014467307699e-01 8.747115883239778289e-02 4.993550360850645617e-03
2.552904676106315662e-01 3.728175669391440294e+01 6.848263662709391103e-03 2.552904678102407288e-01 1.014130152731941154e-01 4.187947129317300121e-02
3.319341508117965578e-01 1.704912546125452455e-01 1.946933725859216535e+00 3.319341506926704044e-01 3.350393563470194791e-01 3.623420356307809065e-02
2.308625640832228654e-01 4.827044870652378705e+01 4.783444532244674093e-03 2.308625638452355411e-01 1.046784501128138062e-01 2.713787219420245311e-02
2.130201443531951587e-04 3.079205014985778033e-01 6.894558849758167544e-04 2.130201456931279350e-04 1.317968901931800829e+01 1.000000000153207251e-06
3.954920477551193136e-01 1.219551277419229640e-01 3.242945015860259961e+00 3.954920477758974151e-01 3.663492151707948286e-01 6.678558882577144418e-02
1.386628229008451778e-02 9.502729798353898305e-01 1.458997378856852038e-02 1.386628233930985860e-02 1.138134876936333972e+00 1.032453599798439292e-06
6.979371068402605294e-02 3.178492279176121649e+00 2.195858887023069417e-02 6.979371054650730655e-02 3.496123821207142712e-01 6.887825966163761010e-05
5.841016281411618438e-01 1.009222043304736915e-01 5.787568355214752103e+00 5.841016276127354301e-01 2.895838463488306647e-01 4.018949078324908775e-01
1.000000000000000000e+00 1.000000000000000000e+00 1.000000000000000000e+00 1.000000000000000000e+00 1.000000000000000000e+00 1.000000000000000000e+00
5.109983034333929336e-02 4.040407020936571947e-02 1.264725120974885098e+00 5.109983032209226839e-02 1.395411420609164788e+00 5.887351175891625183e-06
2.780426384609536658e-02 2.287664664046246132e-02 1.215408839398758989e+00 2.780426382550391096e-02 2.158430530415611948e+00 1.276876729490384407e-06
1.775372273758158703e-01 5.157550195847335317e+01 3.443105683844884055e-03 1.775372273203127405e-01 1.201994624818266272e-01 8.265643809356527580e-03
2.404198881446365788e-01 1.237429368674482433e+01 1.942952134394232422e-02 2.404198881224272610e-01 1.214588950267974227e-01 2.750445043982310128e-02
2.643912735117663892e-01 3.318389254966792185e-02 7.967661862585534216e+00 2.643912732268298704e-01 1.110568556412450558e+00 4.399890939583479647e-03
1.000000000000000000e+00 1.000000000000000000e+00 1.000000000000000000e+00 1.000000000000000000e+00 1.000000000000000000e+00 1.000000000000000000e+00
2.562844447813942272e-01 2.728213134571038506e-02 9.394163340322412736e+00 2.562844601642741971e-01 1.322895475400420073e+00 3.261595504644303721e-03
2.855328694144903146e-05 5.961275450094034173e-02 4.628750848618779033e-04 2.855328708023322840e-05 6.388896465916884182e+01 1.000000000000009060e-06
4.009308167506963061e-01 7.572307873201808093e+00 5.294743738261298294e-02 4.009308168503158964e-01 1.355858606137148314e-01 1.905745684498222625e-01
2.389711108714401983e-02 3.449119196256681903e+02 7.025911133130141595e-05 2.389711108679824086e-02 2.146092762251132213e-01 2.519402724711724624e-06
4.081519426278258922e-01 1.626955957703149769e-01 2.508700560812643143e+00 4.081519423620670328e-01 3.616560410029120987e-01 7.672980889454339426e-02
1.898561359986097041e-01 2.485605577995567899e+02 7.646311113570428272e-04 1.898561389933761390e-01 7.924419464683193914e-02 1.639715615351573785e-02
1.736756157976881154e-01 4.548505793962488610e+02 3.826691070924570590e-04 1.736756157958784241e-01 4.532692260458267425e-02 2.007534170687046843e-02
3.836844776739813112e-02 2.564660831355949355e+01 1.497009131553069536e-03 3.836844770552167577e-02 2.277929929922160313e-01 1.052626518739515902e-05
1.356683280159193642e-05 4.002236290617301046e-02 3.141217933823390435e-04 1.356683279785195561e-05 6.232352263108302992e+01 1.000000000000000378e-06
1.795869307746723598e-01 1.621868028483627322e-01 1.107285140233150500e+00 1.795869307744723531e-01 4.783275620852194265e-01 2.175509163515275922e-03
1.555175231771000754e-01 2.968988103708659620e-01 5.238049035408747223e-01 1.555175231807264524e-01 3.701568764850138304e-01 1.581261010340190981e-03
4.792084226920584333e-01 4.578692086051434212e-02 1.046620073317255972e+01 4.792084228178372096e-01 4.127296273130010018e-01 1.277576017532956743e-01
1.289854996443539348e-01 5.451888377889160808e-02 2.365918011936645193e+00 1.289854996473095983e-01 7.621499122611405941e-01 3.641344221933992260e-04
1.633677541275680156e-01 3.232279731720017679e+01 5.055013833823515136e-03 1.633677638807063681e-01 1.863826033101254331e-01 3.823034105414960075e-03
1.000000000000000000e+00 1.000000000000000000e+00 1.000000000000000000e+00 1.000000000000000000e+00 1.000000000000000000e+00 1.000000000000000000e+00
4.357989283627143329e-01 1.164311436077589967e-01 3.742997318690667541e+00 4.357989283654826185e-01 3.478618472889709046e-01 1.036822903942707236e-01
2.912636537129180241e-03 1.832840511114114737e-02 1.588667801718481598e-01 2.912636536585478005e-03 5.762734876563403219e+00 1.000012472093965481e-06
4.346768588005538864e-02 1.889491433371627213e-02 2.300571248722195872e+00 4.346768586956115121e-02 1.432703934495660691e+00 3.491966466803655430e-06
5.513638128833937835e-02 6.662856750511307037e+05 1.026643362453973032e-06 5.513638129407397170e-02 1.560847906774311122e-02 5.931640227207822611e-04
3.033404425623281164e-01 6.528151865922340313e-01 4.646651296939581788e-01 3.033404425378901648e-01 2.747633181248705370e-01 3.081529328680599270e-02
2.034788093960220867e-01 5.727639876202592006e+01 3.553324702384398105e-03 2.034788091320500203e-01 1.160293093925438696e-01 1.477418760939872358e-02
1.720680258896081227e-01 5.440697451359793035e+01 3.163403319674273993e-03 1.720680258603247970e-01 1.706681063442489765e-01 5.138236842100653116e-03
3.231946842148564203e-01 3.634391948847737197e-02 8.892852580744074587e+00 3.231945811208074004e-01 1.093986286586077439e+00 9.973882321061689274e-03
1.000000000000000000e+00 1.000000000000000000e+00 1.000000000000000000e+00 1.000000000000000000e+00 1.000000000000000000e+00 1.000000000000000000e+00
2.280946128829245412e-01 5.917805057930420531e+01 3.855120081031567381e-03 2.280946128936179040e-01 9.229559294844168205e-02 2.932855099164285995e-02
3.670189405700636232e-01 1.003600294553121941e+00 3.657022584042987634e-01 3.670189407730131692e-01 2.221591419548585578e-01 8.167677412650799218e-02
1.164636592280933643e-02 9.934814133610443678e+05 1.000021515350622691e-06 1.164636590813942357e-02 2.302106172637827242e-02 1.803386867928485403e-06
2.414322062849473538e-01 3.375219817510103582e+01 7.153269284827845631e-03 2.414322062875458585e-01 8.611207035072461491e-02 3.945776431940016538e-02
2.210633599026192719e-01 3.698715889892594788e+01 5.977512142322997934e-03 2.210633598363488383e-01 8.882834953892859708e-02 2.688513827815111265e-02
4.688125133339327705e-02 6.874900111605380744e+02 6.914227353329868242e-05 4.688125133006273981e-02 1.104086759242479537e-01 4.474696359184473165e-05
4.826955324104392414e-06 1.517865226835147796e-01 2.614862878105290477e-05 4.826955322297717724e-06 9.453377957954597832e+01 9.999999999999999547e-07
1.063659140907526474e-01 5.606370278091864917e-02 1.897248822046120775e+00 1.063659140972477435e-01 8.499586358564865662e-01 1.515976720601362802e-04
2.194833339815612516e-01 3.994762258407073574e+01 5.495007615212003406e-03 2.194833372478856848e-01 2.135328395328023876e-01 1.086862848471445257e-02
1.000000000000000000e+00 1.000000000000000000e+00 1.000000000000000000e+00 1.000000000000000000e+00 1.000000000000000000e+00 1.000000000000000000e+00
4.328530193775570467e-02 2.744610849667116770e-01 1.577066585273261823e-01 4.328530194439547674e-02 8.973495734232613819e-01 4.911957735671192549e-06
8.037509626504846022e-04 1.095460844576788551e-02 7.328774854761337110e-02 8.037509630760603010e-04 1.545843968500089005e+01 1.000000026857684224e-06
4.614863873445834014e-02 2.484611623251483659e-01 1.857349508307431785e-01 4.614863873699824592e-02 7.326420121446913791e-01 7.190790119617637035e-06
4.813413496216123466e-02 4.200350220167303750e-02 1.146017926096365436e+00 4.813413496182948614e-02 1.112534526698589321e+00 5.823979387304406207e-06
3.230378382846171847e-01 1.676645406551828810e+00 1.926695668308268938e-01 3.230378382465149412e-01 2.061807236144998778e-01 5.281721200082599432e-02
3.085440782150946637e-01 2.582430414606425306e-01 1.194782383551211025e+00 3.085440782098752277e-01 3.555669334586688546e-01 2.548938635303240122e-02
2.628176361215162071e-01 1.610918303878332569e-01 1.631481560492957339e+00 2.628176353835275370e-01 8.245057198865131109e-01 5.787417743353328106e-03
1.458952328272430654e-01 3.430667702933475027e+01 4.253466915583157919e-03 1.458952326487584217e-01 1.813060589214884055e-01 2.500144088908923777e-03
1.000000000000000000e+00 1.000000000000000000e+00 1.000000000000000000e+00 1.000000000000000000e+00 1.000000000000000000e+00 1.000000000000000000e+00
